14:14:44.87; 022.1; 022.1; 022.1; 022.2; 022.2; 022.3; 022.0; 022.2; 022.8; 022.6; 022.6; 022.5; 022.5; 022.7; 022.7; 888888.0
14:14:44.88; 022.1; 022.1; 022.1; 022.2; 022.2; 022.3; 022.0; 022.2; 022.8; 022.6; 022.6; 022.5; 022.5; 022.7; 022.7; 888888.0
14:14:44.89; 022.1; 022.1; 022.2; 022.2; 022.2; 022.3; 022.0; 022.2; 022.8; 022.6; 022.6; 022.5; 022.5; 022.7; 022.7; 888888.0
14:14:44.90; 022.1; 022.1; 022.2; 022.2; 022.2; 022.3; 022.0; 022.2; 022.8; 022.6; 022.6; 022.5; 022.5; 022.7; 022.7; 888888.0
14:14:44.91; 022.1; 022.1; 022.2; 022.2; 022.2; 022.3; 022.0; 022.2; 022.8; 022.6; 022.6; 022.5; 022.5; 022.7; 022.7; 888888.0
14:14:44.92; 022.1; 022.1; 022.2; 022.2; 022.2; 022.3; 022.0; 022.2; 022.8; 022.7; 022.6; 022.5; 022.5; 022.7; 022.7; 888888.0
14:14:44.93; 022.1; 022.1; 022.2; 022.2; 022.2; 022.3; 022.0; 022.2; 022.8; 022.7; 022.6; 022.5; 022.5; 022.7; 022.7; 888888.0
14:14:44.94; 022.1; 022.1; 022.2; 022.3; 022.2; 022.3; 022.0; 022.2; 022.8; 022.7; 022.6; 022.5; 022.5; 022.7; 022.7; 888888.0
14:14:44.95; 022.1; 022.1; 022.2; 022.3; 022.2; 022.3; 022.0; 022.2; 022.8; 022.7; 022.6; 022.5; 022.5; 022.7; 022.7; 888888.0
14:14:44.96; 022.1; 022.1; 022.2; 022.3; 022.2; 022.3; 022.1; 022.2; 022.8; 022.6; 022.6; 022.5; 022.5; 022.7; 022.7; 888888.0
14:14:44.97; 022.1; 022.1; 022.2; 022.3; 022.2; 022.3; 022.1; 022.2; 022.8; 022.6; 022.6; 022.5; 022.5; 022.7; 022.7; 888888.0
14:14:44.98; 022.1; 022.1; 022.2; 022.3; 022.2; 022.3; 022.1; 022.2; 022.8; 022.6; 022.6; 022.5; 022.5; 022.7; 022.7; 888888.0
14:14:44.99; 022.1; 022.1; 022.2; 022.2; 022.2; 022.3; 022.1; 022.2; 022.8; 022.6; 022.6; 022.5; 022.5; 022.7; 022.7; 888888.0
14:14:45.00; 022.1; 022.1; 022.2; 022.2; 022.2; 022.3; 022.0; 022.2; 022.8; 022.6; 022.6; 022.5; 022.5; 022.7; 022.7; 888888.0
14:14:45.01; 022.2; 022.2; 022.3; 022.3; 022.3; 022.4; 022.1; 022.3; 022.8; 022.7; 022.6; 022.5; 022.5; 022.7; 022.7; 888888.0
14:14:45.02; 022.2; 022.3; 022.3; 022.3; 022.3; 022.4; 022.1; 022.3; 022.8; 022.7; 022.6; 022.5; 022.5; 022.7; 022.7; 888888.0
14:14:45.03; 022.2; 022.3; 022.3; 022.3; 022.3; 022.4; 022.1; 022.3; 022.8; 022.7; 022.6; 022.5; 022.5; 022.7; 022.7; 888888.0
14:14:45.05; 022.2; 022.3; 022.3; 022.3; 022.3; 022.4; 022.1; 022.3; 022.8; 022.7; 022.6; 022.5; 022.5; 022.7; 022.7; 888888.0
14:14:45.06; 022.2; 022.3; 022.3; 022.3; 022.3; 022.4; 022.1; 022.3; 022.8; 022.7; 022.6; 022.5; 022.5; 022.7; 022.7; 888888.0
14:14:45.07; 022.1; 022.1; 022.2; 022.2; 022.2; 022.3; 022.0; 022.2; 022.8; 022.7; 022.6; 022.5; 022.5; 022.7; 022.7; 888888.0
14:14:45.08; 022.1; 022.1; 022.2; 022.2; 022.2; 022.3; 022.0; 022.2; 022.8; 022.7; 022.6; 022.5; 022.5; 022.7; 022.7; 888888.0
14:14:45.09; 022.1; 022.1; 022.2; 022.2; 022.2; 022.3; 022.0; 022.2; 022.8; 022.7; 022.6; 022.5; 022.5; 022.7; 022.7; 888888.0
14:14:45.10; 022.1; 022.1; 022.2; 022.2; 022.2; 022.3; 022.1; 022.2; 022.8; 022.7; 022.6; 022.5; 022.5; 022.7; 022.7; 888888.0
14:14:45.11; 022.1; 022.1; 022.2; 022.2; 022.2; 022.3; 022.1; 022.2; 022.8; 022.7; 022.6; 022.5; 022.5; 022.7; 022.7; 888888.0
14:14:45.12; 022.1; 022.1; 022.2; 022.2; 022.2; 022.3; 022.1; 022.2; 022.8; 022.7; 022.6; 022.5; 022.5; 022.7; 022.7; 888888.0
14:14:45.13; 022.1; 022.1; 022.2; 022.3; 022.2; 022.3; 022.1; 022.2; 022.8; 022.7; 022.6; 022.5; 022.5; 022.7; 022.8; 888888.0
14:14:45.14; 022.1; 022.1; 022.2; 022.3; 022.2; 022.3; 022.1; 022.2; 022.8; 022.7; 022.6; 022.5; 022.5; 022.7; 022.8; 888888.0
14:14:45.15; 022.1; 022.1; 022.2; 022.3; 022.2; 022.3; 022.0; 022.2; 022.8; 022.6; 022.6; 022.5; 022.5; 022.7; 022.8; 888888.0
14:14:45.16; 022.1; 022.1; 022.2; 022.3; 022.2; 022.3; 022.0; 022.2; 022.8; 022.6; 022.6; 022.5; 022.5; 022.7; 022.8; 888888.0
14:14:45.17; 022.1; 022.1; 022.2; 022.3; 022.2; 022.3; 022.0; 022.2; 022.8; 022.6; 022.6; 022.5; 022.5; 022.7; 022.8; 888888.0
14:14:45.19; 022.1; 022.1; 022.2; 022.3; 022.2; 022.3; 022.0; 022.2; 022.8; 022.6; 022.6; 022.5; 022.5; 022.7; 022.7; 888888.0
14:14:45.20; 022.1; 022.1; 022.2; 022.3; 022.2; 022.3; 022.1; 022.2; 022.8; 022.6; 022.6; 022.5; 022.5; 022.7; 022.7; 888888.0
14:14:45.21; 022.1; 022.1; 022.2; 022.3; 022.2; 022.3; 022.1; 022.1; 022.8; 022.7; 022.6; 022.5; 022.5; 022.7; 022.7; 888888.0
14:14:45.22; 022.0; 022.1; 022.2; 022.3; 022.2; 022.3; 022.1; 022.1; 022.8; 022.7; 022.6; 022.5; 022.5; 022.7; 022.7; 888888.0
14:14:45.23; 022.0; 022.1; 022.2; 022.3; 022.2; 022.3; 022.1; 022.1; 022.8; 022.7; 022.6; 022.5; 022.5; 022.7; 022.7; 888888.0
14:14:45.24; 022.0; 022.1; 022.2; 022.3; 022.2; 022.3; 022.1; 022.1; 022.8; 022.7; 022.6; 022.5; 022.5; 022.7; 022.7; 888888.0
14:14:45.25; 022.0; 022.1; 022.2; 022.3; 022.2; 022.3; 022.1; 022.2; 022.8; 022.7; 022.6; 022.5; 022.5; 022.7; 022.7; 888888.0
14:14:45.26; 022.1; 022.1; 022.2; 022.3; 022.2; 022.3; 022.1; 022.2; 022.8; 022.7; 022.6; 022.5; 022.5; 022.7; 022.7; 888888.0
14:14:45.27; 022.1; 022.1; 022.2; 022.3; 022.2; 022.3; 022.1; 022.2; 022.8; 022.7; 022.6; 022.5; 022.5; 022.7; 022.7; 888888.0
14:14:45.28; 022.1; 022.1; 022.2; 022.2; 022.2; 022.3; 022.1; 022.2; 022.8; 022.7; 022.6; 022.5; 022.5; 022.7; 022.7; 888888.0
14:14:45.29; 022.1; 022.1; 022.2; 022.2; 022.2; 022.3; 022.0; 022.2; 022.8; 022.7; 022.6; 022.5; 022.5; 022.7; 022.7; 888888.0
14:14:45.30; 022.1; 022.1; 022.2; 022.2; 022.2; 022.3; 022.0; 022.1; 022.8; 022.7; 022.6; 022.5; 022.5; 022.7; 022.7; 888888.0
14:14:45.31; 022.1; 022.1; 022.2; 022.2; 022.2; 022.3; 022.0; 022.1; 022.8; 022.7; 022.6; 022.5; 022.5; 022.7; 022.7; 888888.0
14:14:45.32; 022.1; 022.1; 022.2; 022.3; 022.2; 022.3; 022.0; 022.1; 022.8; 022.7; 022.6; 022.5; 022.5; 022.7; 022.7; 888888.0
14:14:45.33; 022.1; 022.1; 022.2; 022.3; 022.2; 022.3; 022.0; 022.1; 022.8; 022.7; 022.6; 022.5; 022.5; 022.7; 022.7; 888888.0
14:14:45.34; 022.1; 022.1; 022.2; 022.3; 022.2; 022.3; 022.0; 022.2; 022.8; 022.7; 022.6; 022.5; 022.5; 022.7; 022.7; 888888.0
14:14:45.35; 022.1; 022.1; 022.2; 022.3; 022.2; 022.3; 022.0; 022.2; 022.8; 022.7; 022.6; 022.5; 022.5; 022.7; 022.7; 888888.0
14:14:45.36; 022.1; 022.1; 022.2; 022.3; 022.2; 022.3; 022.0; 022.2; 022.8; 022.7; 022.6; 022.5; 022.5; 022.7; 022.7; 888888.0
14:14:45.38; 022.1; 022.1; 022.2; 022.3; 022.2; 022.3; 022.0; 022.2; 022.8; 022.7; 022.6; 022.5; 022.5; 022.7; 022.7; 888888.0
14:14:45.39; 022.1; 022.1; 022.2; 022.3; 022.2; 022.3; 022.0; 022.2; 022.8; 022.7; 022.6; 022.5; 022.5; 022.7; 022.7; 888888.0
14:14:45.40; 022.1; 022.1; 022.2; 022.3; 022.2; 022.3; 022.0; 022.2; 022.8; 022.7; 022.6; 022.5; 022.5; 022.7; 022.7; 888888.0
14:14:45.41; 022.0; 022.1; 022.2; 022.3; 022.2; 022.3; 022.0; 022.2; 022.8; 022.7; 022.6; 022.5; 022.5; 022.7; 022.7; 888888.0
14:14:45.42; 022.0; 022.1; 022.1; 022.2; 022.2; 022.3; 022.0; 022.2; 022.8; 022.7; 022.6; 022.5; 022.5; 022.7; 022.7; 888888.0
14:14:45.43; 022.0; 022.1; 022.1; 022.2; 022.2; 022.3; 022.0; 022.2; 022.8; 022.7; 022.6; 022.5; 022.5; 022.7; 022.7; 888888.0
14:14:45.44; 022.0; 022.1; 022.1; 022.2; 022.2; 022.3; 022.1; 022.2; 022.8; 022.7; 022.6; 022.5; 022.5; 022.7; 022.7; 888888.0
14:14:45.45; 022.2; 022.2; 022.3; 022.3; 022.3; 022.4; 022.2; 022.3; 022.8; 022.7; 022.6; 022.5; 022.5; 022.7; 022.7; 888888.0
14:14:45.46; 022.2; 022.2; 022.3; 022.3; 022.3; 022.4; 022.2; 022.3; 022.8; 022.7; 022.6; 022.5; 022.4; 022.7; 022.7; 888888.0
14:14:45.47; 022.2; 022.2; 022.3; 022.3; 022.3; 022.4; 022.2; 022.3; 022.8; 022.7; 022.6; 022.5; 022.4; 022.7; 022.7; 888888.0
14:14:45.48; 022.2; 022.2; 022.3; 022.3; 022.3; 022.4; 022.1; 022.3; 022.8; 022.7; 022.6; 022.5; 022.4; 022.7; 022.7; 888888.0
14:14:45.50; 022.1; 022.1; 022.2; 022.2; 022.2; 022.3; 022.0; 022.2; 022.8; 022.7; 022.5; 022.5; 022.4; 022.7; 022.7; 888888.0
14:14:45.51; 022.1; 022.1; 022.2; 022.2; 022.2; 022.3; 022.0; 022.2; 022.8; 022.7; 022.5; 022.5; 022.5; 022.7; 022.7; 888888.0
14:14:45.52; 022.1; 022.1; 022.2; 022.3; 022.2; 022.3; 022.0; 022.2; 022.8; 022.7; 022.5; 022.5; 022.5; 022.7; 022.7; 888888.0
14:14:45.53; 022.1; 022.1; 022.2; 022.3; 022.3; 022.3; 022.0; 022.2; 022.8; 022.7; 022.5; 022.5; 022.5; 022.7; 022.7; 888888.0
14:14:45.54; 022.1; 022.1; 022.2; 022.3; 022.3; 022.3; 022.0; 022.2; 022.8; 022.6; 022.5; 022.5; 022.5; 022.7; 022.7; 888888.0
14:14:45.55; 022.2; 022.2; 022.3; 022.4; 022.4; 022.4; 022.1; 022.3; 022.8; 022.6; 022.6; 022.5; 022.5; 022.7; 022.7; 888888.0
14:14:45.56; 022.2; 022.2; 022.3; 022.4; 022.4; 022.4; 022.1; 022.3; 022.8; 022.6; 022.6; 022.5; 022.5; 022.7; 022.7; 888888.0
14:14:45.57; 022.2; 022.2; 022.3; 022.4; 022.3; 022.4; 022.1; 022.3; 022.8; 022.6; 022.6; 022.5; 022.5; 022.7; 022.7; 888888.0
14:14:45.58; 022.2; 022.2; 022.3; 022.4; 022.3; 022.4; 022.2; 022.3; 022.8; 022.6; 022.6; 022.5; 022.5; 022.7; 022.7; 888888.0
14:14:45.59; 022.1; 022.1; 022.2; 022.3; 022.2; 022.3; 022.1; 022.2; 022.8; 022.7; 022.6; 022.5; 022.5; 022.7; 022.7; 888888.0
14:14:45.60; 022.1; 022.1; 022.2; 022.3; 022.2; 022.3; 022.1; 022.2; 022.8; 022.7; 022.6; 022.5; 022.5; 022.7; 022.7; 888888.0
14:14:45.61; 022.1; 022.1; 022.1; 022.2; 022.2; 022.3; 022.1; 022.2; 022.8; 022.7; 022.6; 022.5; 022.5; 022.7; 022.7; 888888.0
14:14:45.62; 022.1; 022.1; 022.1; 022.2; 022.2; 022.3; 022.1; 022.2; 022.8; 022.7; 022.6; 022.5; 022.5; 022.7; 022.7; 888888.0
14:14:45.63; 022.1; 022.1; 022.1; 022.2; 022.2; 022.3; 022.0; 022.2; 022.8; 022.6; 022.6; 022.5; 022.5; 022.7; 022.7; 888888.0
14:14:45.64; 022.1; 022.1; 022.1; 022.2; 022.2; 022.3; 022.0; 022.2; 022.8; 022.7; 022.6; 022.5; 022.4; 022.7; 022.7; 888888.0
14:14:45.65; 022.1; 022.1; 022.1; 022.2; 022.2; 022.3; 022.0; 022.2; 022.8; 022.7; 022.6; 022.5; 022.5; 022.7; 022.7; 888888.0
14:14:45.66; 022.1; 022.1; 022.1; 022.3; 022.2; 022.3; 022.0; 022.2; 022.8; 022.7; 022.6; 022.5; 022.5; 022.7; 022.7; 888888.0
14:14:45.68; 022.1; 022.1; 022.1; 022.3; 022.2; 022.3; 022.0; 022.2; 022.8; 022.7; 022.6; 022.5; 022.5; 022.7; 022.7; 888888.0
14:14:45.69; 022.1; 022.1; 022.1; 022.3; 022.2; 022.3; 022.1; 022.2; 022.8; 022.7; 022.6; 022.5; 022.5; 022.7; 022.7; 888888.0
14:14:45.70; 022.1; 022.1; 022.1; 022.3; 022.2; 022.3; 022.1; 022.2; 022.8; 022.7; 022.6; 022.5; 022.5; 022.7; 022.7; 888888.0
14:14:45.71; 022.1; 022.1; 022.2; 022.3; 022.2; 022.3; 022.1; 022.2; 022.8; 022.7; 022.6; 022.5; 022.5; 022.7; 022.7; 888888.0
14:14:45.72; 022.1; 022.1; 022.2; 022.3; 022.2; 022.3; 022.1; 022.2; 022.8; 022.7; 022.6; 022.5; 022.5; 022.7; 022.7; 888888.0
14:14:45.73; 022.1; 022.1; 022.2; 022.3; 022.2; 022.3; 022.0; 022.2; 022.8; 022.7; 022.6; 022.5; 022.5; 022.7; 022.7; 888888.0
14:14:45.74; 022.1; 022.1; 022.2; 022.3; 022.2; 022.3; 022.0; 022.2; 022.8; 022.7; 022.6; 022.5; 022.5; 022.7; 022.7; 888888.0
14:14:45.75; 022.1; 022.1; 022.2; 022.3; 022.2; 022.3; 022.0; 022.2; 022.8; 022.7; 022.6; 022.5; 022.5; 022.7; 022.7; 888888.0
14:14:45.76; 022.1; 022.1; 022.2; 022.3; 022.2; 022.3; 022.0; 022.2; 022.8; 022.7; 022.6; 022.5; 022.5; 022.7; 022.7; 888888.0
14:14:45.77; 022.1; 022.1; 022.2; 022.3; 022.2; 022.3; 022.0; 022.2; 022.8; 022.7; 022.6; 022.5; 022.5; 022.7; 022.7; 888888.0
14:14:45.78; 022.1; 022.1; 022.2; 022.3; 022.2; 022.3; 022.0; 022.2; 022.8; 022.7; 022.6; 022.5; 022.5; 022.7; 022.7; 888888.0
14:14:45.79; 022.0; 022.1; 022.2; 022.3; 022.2; 022.3; 022.0; 022.2; 022.8; 022.7; 022.6; 022.5; 022.4; 022.7; 022.7; 888888.0
14:14:45.80; 022.0; 022.1; 022.2; 022.3; 022.2; 022.3; 022.0; 022.2; 022.8; 022.7; 022.6; 022.5; 022.4; 022.7; 022.7; 888888.0
14:14:45.81; 022.0; 022.1; 022.2; 022.3; 022.2; 022.3; 022.0; 022.2; 022.8; 022.7; 022.6; 022.5; 022.4; 022.7; 022.7; 888888.0
14:14:45.82; 022.0; 022.1; 022.2; 022.3; 022.2; 022.3; 022.0; 022.2; 022.8; 022.7; 022.6; 022.5; 022.4; 022.7; 022.7; 888888.0
14:14:45.83; 022.0; 022.1; 022.2; 022.3; 022.2; 022.3; 022.0; 022.2; 022.8; 022.7; 022.6; 022.5; 022.4; 022.7; 022.7; 888888.0
14:14:45.84; 022.0; 022.1; 022.2; 022.3; 022.2; 022.3; 022.0; 022.2; 022.8; 022.7; 022.6; 022.5; 022.5; 022.7; 022.7; 888888.0
14:14:45.85; 022.0; 022.1; 022.2; 022.2; 022.2; 022.3; 022.0; 022.2; 022.8; 022.7; 022.6; 022.5; 022.5; 022.7; 022.7; 888888.0
14:14:45.87; 022.0; 022.1; 022.2; 022.2; 022.2; 022.3; 022.0; 022.2; 022.8; 022.7; 022.6; 022.5; 022.5; 022.7; 022.7; 888888.0
14:14:45.88; 022.0; 022.1; 022.2; 022.2; 022.2; 022.3; 022.0; 022.2; 022.8; 022.7; 022.6; 022.5; 022.5; 022.7; 022.7; 888888.0
14:14:45.89; 022.1; 022.1; 022.2; 022.2; 022.2; 022.3; 022.0; 022.2; 022.8; 022.7; 022.6; 022.5; 022.5; 022.7; 022.7; 888888.0
14:14:45.90; 022.1; 022.1; 022.2; 022.2; 022.2; 022.3; 022.0; 022.2; 022.8; 022.7; 022.6; 022.5; 022.5; 022.7; 022.7; 888888.0
14:14:45.91; 022.1; 022.1; 022.2; 022.3; 022.2; 022.3; 022.0; 022.2; 022.8; 022.7; 022.6; 022.5; 022.5; 022.7; 022.7; 888888.0
14:14:45.92; 022.1; 022.1; 022.2; 022.3; 022.2; 022.3; 022.0; 022.2; 022.8; 022.6; 022.6; 022.5; 022.5; 022.7; 022.7; 888888.0
14:14:45.93; 022.1; 022.1; 022.2; 022.3; 022.2; 022.3; 022.0; 022.2; 022.8; 022.6; 022.6; 022.5; 022.5; 022.7; 022.7; 888888.0
14:14:45.94; 022.0; 022.1; 022.2; 022.3; 022.2; 022.3; 022.0; 022.2; 022.8; 022.6; 022.6; 022.5; 022.4; 022.7; 022.7; 888888.0
14:14:45.95; 022.0; 022.1; 022.2; 022.3; 022.2; 022.3; 022.0; 022.2; 022.8; 022.6; 022.6; 022.5; 022.4; 022.7; 022.7; 888888.0
14:14:45.96; 022.0; 022.1; 022.2; 022.3; 022.2; 022.3; 022.0; 022.2; 022.9; 022.6; 022.6; 022.5; 022.4; 022.7; 022.7; 888888.0
14:14:45.97; 022.0; 022.1; 022.2; 022.3; 022.2; 022.3; 022.1; 022.2; 022.9; 022.6; 022.6; 022.5; 022.4; 022.7; 022.7; 888888.0
14:14:45.98; 022.0; 022.1; 022.2; 022.3; 022.2; 022.3; 022.1; 022.2; 022.9; 022.6; 022.6; 022.5; 022.4; 022.7; 022.7; 888888.0
14:14:45.99; 022.0; 022.1; 022.1; 022.3; 022.2; 022.3; 022.1; 022.2; 022.9; 022.6; 022.6; 022.5; 022.4; 022.7; 022.7; 888888.0
14:14:46.01; 022.0; 022.1; 022.1; 022.3; 022.2; 022.3; 022.1; 022.2; 022.9; 022.6; 022.6; 022.5; 022.4; 022.7; 022.7; 888888.0
14:14:46.02; 022.0; 022.1; 022.1; 022.3; 022.2; 022.3; 022.1; 022.2; 022.8; 022.7; 022.6; 022.5; 022.4; 022.7; 022.7; 888888.0
14:14:46.03; 022.0; 022.1; 022.1; 022.3; 022.2; 022.3; 022.1; 022.2; 022.8; 022.7; 022.6; 022.5; 022.4; 022.7; 022.7; 888888.0
14:14:46.04; 022.1; 022.1; 022.1; 022.3; 022.2; 022.3; 022.1; 022.2; 022.8; 022.7; 022.6; 022.5; 022.4; 022.7; 022.7; 888888.0
14:14:46.05; 022.1; 022.1; 022.2; 022.3; 022.2; 022.3; 022.1; 022.2; 022.8; 022.7; 022.6; 022.5; 022.4; 022.7; 022.7; 888888.0
14:14:46.06; 022.1; 022.1; 022.2; 022.3; 022.2; 022.3; 022.1; 022.2; 022.8; 022.7; 022.6; 022.5; 022.4; 022.7; 022.7; 888888.0
14:14:46.07; 022.1; 022.1; 022.2; 022.3; 022.2; 022.3; 022.0; 022.2; 022.8; 022.7; 022.6; 022.5; 022.4; 022.7; 022.7; 888888.0
14:14:46.08; 022.1; 022.1; 022.2; 022.3; 022.2; 022.3; 022.0; 022.2; 022.8; 022.7; 022.6; 022.5; 022.4; 022.7; 022.7; 888888.0
14:14:46.09; 022.1; 022.1; 022.2; 022.3; 022.2; 022.3; 022.0; 022.2; 022.8; 022.7; 022.6; 022.5; 022.4; 022.7; 022.7; 888888.0
14:14:46.10; 022.1; 022.1; 022.2; 022.2; 022.2; 022.3; 022.0; 022.2; 022.8; 022.7; 022.6; 022.5; 022.4; 022.7; 022.7; 888888.0
14:14:46.11; 022.1; 022.1; 022.2; 022.2; 022.2; 022.3; 022.1; 022.2; 022.8; 022.7; 022.6; 022.5; 022.4; 022.7; 022.7; 888888.0
14:14:46.12; 022.1; 022.1; 022.2; 022.2; 022.2; 022.3; 022.1; 022.2; 022.8; 022.7; 022.6; 022.5; 022.4; 022.7; 022.7; 888888.0
14:14:46.13; 022.1; 022.1; 022.2; 022.2; 022.2; 022.3; 022.1; 022.2; 022.8; 022.7; 022.6; 022.5; 022.5; 022.7; 022.7; 888888.0
14:14:46.14; 022.1; 022.1; 022.2; 022.3; 022.2; 022.3; 022.1; 022.2; 022.8; 022.7; 022.6; 022.5; 022.5; 022.7; 022.7; 888888.0
14:14:46.15; 022.1; 022.1; 022.2; 022.3; 022.2; 022.3; 022.1; 022.2; 022.8; 022.7; 022.6; 022.5; 022.5; 022.7; 022.7; 888888.0
14:14:46.16; 022.1; 022.1; 022.2; 022.3; 022.2; 022.3; 022.0; 022.2; 022.8; 022.7; 022.6; 022.5; 022.5; 022.7; 022.7; 888888.0
14:14:46.17; 022.0; 022.1; 022.2; 022.3; 022.2; 022.3; 022.0; 022.2; 022.8; 022.7; 022.6; 022.5; 022.4; 022.7; 022.7; 888888.0
14:14:46.19; 022.0; 022.1; 022.2; 022.3; 022.2; 022.3; 022.0; 022.2; 022.8; 022.7; 022.6; 022.5; 022.4; 022.7; 022.7; 888888.0
14:14:46.20; 022.0; 022.1; 022.2; 022.3; 022.2; 022.3; 022.0; 022.2; 022.8; 022.7; 022.6; 022.5; 022.4; 022.7; 022.7; 888888.0
14:14:46.21; 022.0; 022.1; 022.2; 022.3; 022.2; 022.3; 022.0; 022.2; 022.8; 022.7; 022.6; 022.5; 022.4; 022.7; 022.7; 888888.0
14:14:46.22; 022.0; 022.1; 022.2; 022.3; 022.2; 022.3; 022.0; 022.2; 022.8; 022.7; 022.6; 022.5; 022.4; 022.7; 022.7; 888888.0
14:14:46.23; 022.1; 022.1; 022.2; 022.3; 022.2; 022.3; 022.0; 022.2; 022.8; 022.7; 022.6; 022.5; 022.5; 022.7; 022.7; 888888.0
14:14:46.24; 022.1; 022.1; 022.1; 022.3; 022.2; 022.3; 022.0; 022.2; 022.8; 022.7; 022.6; 022.5; 022.5; 022.7; 022.7; 888888.0
14:14:46.25; 022.1; 022.1; 022.1; 022.3; 022.2; 022.3; 022.0; 022.2; 022.8; 022.7; 022.6; 022.5; 022.5; 022.7; 022.7; 888888.0
14:14:46.26; 022.1; 022.1; 022.1; 022.3; 022.2; 022.3; 022.1; 022.2; 022.8; 022.7; 022.6; 022.5; 022.5; 022.7; 022.7; 888888.0
14:14:46.27; 022.1; 022.1; 022.1; 022.3; 022.2; 022.3; 022.1; 022.2; 022.8; 022.7; 022.6; 022.5; 022.5; 022.7; 022.7; 888888.0
14:14:46.28; 022.1; 022.1; 022.2; 022.3; 022.2; 022.3; 022.1; 022.2; 022.8; 022.7; 022.6; 022.5; 022.5; 022.7; 022.7; 888888.0
14:14:46.29; 022.1; 022.1; 022.2; 022.3; 022.2; 022.3; 022.1; 022.2; 022.8; 022.7; 022.6; 022.5; 022.5; 022.7; 022.7; 888888.0
14:14:46.30; 022.1; 022.1; 022.2; 022.3; 022.2; 022.3; 022.0; 022.2; 022.8; 022.7; 022.6; 022.5; 022.5; 022.7; 022.7; 888888.0
14:14:46.31; 022.1; 022.1; 022.2; 022.3; 022.2; 022.3; 022.0; 022.2; 022.8; 022.7; 022.6; 022.5; 022.5; 022.7; 022.7; 888888.0
14:14:46.32; 022.1; 022.1; 022.2; 022.3; 022.2; 022.3; 022.0; 022.2; 022.8; 022.7; 022.6; 022.5; 022.5; 022.6; 022.7; 888888.0
14:14:46.33; 022.1; 022.1; 022.2; 022.3; 022.2; 022.3; 022.0; 022.2; 022.8; 022.7; 022.6; 022.5; 022.5; 022.6; 022.7; 888888.0
14:14:46.34; 022.1; 022.1; 022.2; 022.3; 022.2; 022.3; 022.0; 022.2; 022.8; 022.7; 022.6; 022.5; 022.5; 022.6; 022.7; 888888.0
14:14:46.35; 022.1; 022.1; 022.2; 022.3; 022.2; 022.3; 022.0; 022.2; 022.8; 022.7; 022.5; 022.5; 022.5; 022.6; 022.7; 888888.0
14:14:46.36; 022.0; 022.1; 022.2; 022.3; 022.2; 022.3; 022.0; 022.2; 022.8; 022.7; 022.5; 022.5; 022.5; 022.6; 022.7; 888888.0
14:14:46.37; 022.0; 022.1; 022.2; 022.3; 022.2; 022.3; 022.0; 022.2; 022.8; 022.7; 022.5; 022.5; 022.5; 022.7; 022.7; 888888.0
14:14:46.38; 022.0; 022.1; 022.2; 022.3; 022.2; 022.3; 022.0; 022.2; 022.8; 022.7; 022.5; 022.5; 022.5; 022.7; 022.7; 888888.0
14:14:46.40; 022.0; 022.1; 022.2; 022.3; 022.2; 022.3; 022.0; 022.2; 022.8; 022.7; 022.5; 022.5; 022.5; 022.7; 022.7; 888888.0
14:14:46.41; 022.0; 022.1; 022.2; 022.3; 022.2; 022.3; 022.0; 022.2; 022.8; 022.7; 022.6; 022.5; 022.5; 022.7; 022.7; 888888.0
14:14:46.42; 022.1; 022.1; 022.2; 022.3; 022.2; 022.3; 022.0; 022.2; 022.8; 022.7; 022.6; 022.5; 022.5; 022.7; 022.7; 888888.0
14:14:46.43; 022.1; 022.1; 022.2; 022.3; 022.2; 022.3; 022.0; 022.2; 022.8; 022.7; 022.6; 022.5; 022.5; 022.7; 022.7; 888888.0
14:14:46.44; 022.1; 022.1; 022.2; 022.3; 022.2; 022.3; 022.0; 022.2; 022.8; 022.7; 022.6; 022.5; 022.5; 022.7; 022.7; 888888.0
14:14:46.45; 022.1; 022.1; 022.2; 022.3; 022.2; 022.3; 022.0; 022.2; 022.8; 022.7; 022.6; 022.5; 022.5; 022.7; 022.7; 888888.0
14:14:46.46; 022.1; 022.1; 022.2; 022.3; 022.2; 022.3; 022.0; 022.2; 022.8; 022.7; 022.6; 022.5; 022.5; 022.7; 022.7; 888888.0
14:14:46.47; 022.1; 022.1; 022.2; 022.3; 022.2; 022.3; 022.0; 022.2; 022.8; 022.7; 022.6; 022.5; 022.5; 022.7; 022.7; 888888.0
14:14:46.48; 022.1; 022.1; 022.2; 022.3; 022.2; 022.3; 022.0; 022.2; 022.8; 022.7; 022.6; 022.5; 022.5; 022.7; 022.7; 888888.0
14:14:46.49; 022.1; 022.1; 022.2; 022.3; 022.2; 022.3; 022.0; 022.2; 022.8; 022.7; 022.6; 022.5; 022.5; 022.7; 022.7; 888888.0
14:14:46.50; 022.1; 022.1; 022.2; 022.3; 022.2; 022.3; 022.0; 022.2; 022.8; 022.7; 022.6; 022.5; 022.5; 022.7; 022.7; 888888.0
14:14:46.51; 022.1; 022.1; 022.2; 022.3; 022.2; 022.3; 022.0; 022.2; 022.8; 022.7; 022.6; 022.5; 022.4; 022.7; 022.7; 888888.0
14:14:46.52; 022.1; 022.1; 022.1; 022.3; 022.2; 022.3; 022.0; 022.2; 022.8; 022.7; 022.6; 022.5; 022.4; 022.7; 022.7; 888888.0
14:14:46.53; 022.1; 022.1; 022.1; 022.3; 022.2; 022.3; 022.0; 022.2; 022.8; 022.7; 022.6; 022.5; 022.4; 022.7; 022.7; 888888.0
14:14:46.55; 022.1; 022.1; 022.1; 022.3; 022.2; 022.3; 022.1; 022.2; 022.8; 022.7; 022.6; 022.5; 022.4; 022.7; 022.7; 888888.0
14:14:46.56; 022.1; 022.1; 022.1; 022.3; 022.2; 022.3; 022.1; 022.2; 022.8; 022.7; 022.6; 022.5; 022.5; 022.7; 022.7; 888888.0
14:14:46.57; 022.1; 022.1; 022.1; 022.3; 022.2; 022.3; 022.1; 022.2; 022.8; 022.7; 022.6; 022.5; 022.5; 022.7; 022.7; 888888.0
14:14:46.58; 022.1; 022.1; 022.1; 022.3; 022.2; 022.3; 022.1; 022.2; 022.8; 022.7; 022.6; 022.5; 022.5; 022.7; 022.7; 888888.0
14:14:46.59; 022.1; 022.1; 022.1; 022.3; 022.2; 022.3; 022.1; 022.2; 022.8; 022.7; 022.6; 022.5; 022.5; 022.7; 022.7; 888888.0
14:14:46.60; 022.1; 022.1; 022.1; 022.3; 022.2; 022.3; 022.1; 022.2; 022.8; 022.7; 022.6; 022.5; 022.5; 022.7; 022.7; 888888.0
14:14:46.61; 022.1; 022.1; 022.1; 022.3; 022.2; 022.3; 022.1; 022.2; 022.8; 022.7; 022.6; 022.5; 022.5; 022.7; 022.7; 888888.0
14:14:46.62; 022.1; 022.1; 022.2; 022.3; 022.2; 022.3; 022.1; 022.2; 022.8; 022.7; 022.6; 022.5; 022.5; 022.7; 022.8; 888888.0
14:14:46.63; 022.1; 022.1; 022.2; 022.3; 022.2; 022.3; 022.1; 022.2; 022.8; 022.7; 022.6; 022.5; 022.5; 022.7; 022.8; 888888.0
14:14:46.64; 022.1; 022.1; 022.2; 022.3; 022.2; 022.3; 022.0; 022.2; 022.8; 022.7; 022.6; 022.5; 022.5; 022.7; 022.8; 888888.0
14:14:46.65; 022.0; 022.1; 022.2; 022.3; 022.2; 022.3; 022.0; 022.2; 022.8; 022.7; 022.6; 022.5; 022.5; 022.7; 022.8; 888888.0
14:14:46.66; 022.0; 022.1; 022.1; 022.3; 022.2; 022.3; 022.0; 022.2; 022.8; 022.7; 022.6; 022.5; 022.5; 022.7; 022.7; 888888.0
14:14:46.67; 022.0; 022.1; 022.1; 022.3; 022.2; 022.3; 022.0; 022.2; 022.8; 022.7; 022.6; 022.5; 022.5; 022.7; 022.7; 888888.0
14:14:46.68; 022.0; 022.1; 022.1; 022.3; 022.2; 022.3; 022.0; 022.2; 022.8; 022.7; 022.6; 022.5; 022.5; 022.7; 022.7; 888888.0
14:14:46.69; 022.0; 022.1; 022.1; 022.3; 022.2; 022.3; 022.0; 022.2; 022.8; 022.7; 022.6; 022.5; 022.5; 022.7; 022.7; 888888.0
14:14:46.70; 022.0; 022.1; 022.1; 022.3; 022.2; 022.3; 022.0; 022.2; 022.8; 022.7; 022.6; 022.5; 022.5; 022.7; 022.7; 888888.0
14:14:46.71; 022.0; 022.1; 022.1; 022.2; 022.2; 022.3; 022.0; 022.2; 022.8; 022.7; 022.6; 022.5; 022.5; 022.7; 022.7; 888888.0
14:14:46.72; 022.0; 022.1; 022.1; 022.2; 022.2; 022.3; 022.0; 022.2; 022.8; 022.7; 022.6; 022.5; 022.5; 022.7; 022.7; 888888.0
14:14:46.73; 022.0; 022.1; 022.1; 022.2; 022.2; 022.3; 022.0; 022.2; 022.8; 022.7; 022.6; 022.5; 022.5; 022.7; 022.7; 888888.0
14:14:46.74; 022.1; 022.1; 022.1; 022.2; 022.2; 022.3; 022.0; 022.2; 022.8; 022.7; 022.6; 022.5; 022.5; 022.7; 022.7; 888888.0
14:14:46.76; 022.1; 022.1; 022.1; 022.2; 022.2; 022.3; 022.0; 022.2; 022.8; 022.7; 022.6; 022.5; 022.5; 022.7; 022.7; 888888.0
14:14:46.77; 022.1; 022.1; 022.1; 022.3; 022.2; 022.3; 022.0; 022.2; 022.8; 022.7; 022.6; 022.5; 022.5; 022.7; 022.7; 888888.0
14:14:46.78; 022.1; 022.1; 022.1; 022.3; 022.2; 022.3; 022.1; 022.2; 022.8; 022.7; 022.6; 022.5; 022.5; 022.7; 022.7; 888888.0
14:14:46.79; 022.1; 022.1; 022.1; 022.3; 022.2; 022.3; 022.1; 022.2; 022.8; 022.7; 022.6; 022.5; 022.5; 022.7; 022.7; 888888.0
14:14:46.80; 022.0; 022.1; 022.1; 022.3; 022.2; 022.3; 022.1; 022.2; 022.8; 022.7; 022.6; 022.5; 022.5; 022.7; 022.7; 888888.0
14:14:46.81; 022.0; 022.1; 022.2; 022.3; 022.2; 022.3; 022.1; 022.2; 022.8; 022.7; 022.6; 022.5; 022.5; 022.7; 022.7; 888888.0
14:14:46.82; 022.0; 022.1; 022.2; 022.3; 022.2; 022.3; 022.1; 022.2; 022.8; 022.7; 022.6; 022.5; 022.5; 022.7; 022.7; 888888.0
14:14:46.83; 022.0; 022.1; 022.2; 022.3; 022.2; 022.3; 022.1; 022.2; 022.8; 022.7; 022.6; 022.5; 022.5; 022.7; 022.7; 888888.0
14:14:46.84; 022.1; 022.1; 022.2; 022.3; 022.2; 022.3; 022.1; 022.2; 022.8; 022.7; 022.6; 022.5; 022.4; 022.7; 022.7; 888888.0
14:14:46.85; 022.1; 022.1; 022.2; 022.3; 022.2; 022.3; 022.1; 022.2; 022.8; 022.7; 022.6; 022.5; 022.4; 022.7; 022.7; 888888.0
14:14:46.86; 022.1; 022.1; 022.2; 022.2; 022.2; 022.3; 022.1; 022.2; 022.8; 022.7; 022.6; 022.5; 022.4; 022.7; 022.7; 888888.0
14:14:46.87; 022.1; 022.1; 022.2; 022.2; 022.2; 022.3; 022.0; 022.2; 022.8; 022.7; 022.6; 022.5; 022.4; 022.7; 022.7; 888888.0
14:14:46.88; 022.1; 022.1; 022.2; 022.2; 022.2; 022.3; 022.0; 022.2; 022.8; 022.7; 022.6; 022.5; 022.4; 022.7; 022.7; 888888.0
14:14:46.89; 022.1; 022.1; 022.2; 022.2; 022.2; 022.3; 022.0; 022.2; 022.8; 022.7; 022.6; 022.5; 022.5; 022.7; 022.7; 888888.0
14:14:46.90; 022.1; 022.1; 022.2; 022.3; 022.2; 022.3; 022.0; 022.2; 022.8; 022.7; 022.6; 022.5; 022.5; 022.7; 022.7; 888888.0
14:14:46.91; 022.1; 022.1; 022.2; 022.3; 022.2; 022.3; 022.0; 022.2; 022.8; 022.7; 022.6; 022.5; 022.5; 022.7; 022.7; 888888.0
14:14:46.92; 022.1; 022.1; 022.2; 022.3; 022.2; 022.3; 022.0; 022.2; 022.8; 022.6; 022.6; 022.5; 022.5; 022.7; 022.7; 888888.0
14:14:46.93; 022.1; 022.1; 022.2; 022.3; 022.2; 022.3; 022.0; 022.2; 022.8; 022.6; 022.6; 022.5; 022.5; 022.7; 022.7; 888888.0
14:14:46.94; 022.1; 022.1; 022.2; 022.3; 022.2; 022.3; 022.0; 022.2; 022.8; 022.6; 022.6; 022.5; 022.5; 022.7; 022.7; 888888.0
14:14:46.95; 022.1; 022.1; 022.2; 022.2; 022.2; 022.3; 022.0; 022.2; 022.8; 022.6; 022.6; 022.5; 022.5; 022.7; 022.7; 888888.0
14:14:46.96; 022.1; 022.1; 022.2; 022.2; 022.2; 022.3; 022.1; 022.2; 022.8; 022.6; 022.6; 022.5; 022.5; 022.7; 022.7; 888888.0
14:14:46.98; 022.1; 022.1; 022.2; 022.2; 022.2; 022.3; 022.1; 022.2; 022.8; 022.6; 022.6; 022.5; 022.5; 022.7; 022.7; 888888.0
14:14:46.99; 022.1; 022.1; 022.2; 022.2; 022.2; 022.3; 022.1; 022.2; 022.8; 022.6; 022.6; 022.5; 022.4; 022.7; 022.7; 888888.0
14:14:47.00; 022.1; 022.1; 022.1; 022.2; 022.2; 022.3; 022.1; 022.2; 022.8; 022.6; 022.6; 022.5; 022.4; 022.7; 022.7; 888888.0
14:14:47.01; 022.1; 022.1; 022.1; 022.2; 022.2; 022.3; 022.1; 022.2; 022.8; 022.6; 022.6; 022.5; 022.4; 022.7; 022.7; 888888.0
14:14:47.02; 022.1; 022.1; 022.1; 022.2; 022.2; 022.3; 022.1; 022.2; 022.8; 022.7; 022.6; 022.5; 022.4; 022.7; 022.7; 888888.0
14:14:47.03; 022.1; 022.1; 022.1; 022.2; 022.2; 022.3; 022.1; 022.2; 022.8; 022.7; 022.6; 022.5; 022.5; 022.7; 022.7; 888888.0
14:14:47.04; 022.1; 022.1; 022.2; 022.2; 022.2; 022.3; 022.1; 022.2; 022.8; 022.7; 022.6; 022.5; 022.5; 022.7; 022.7; 888888.0
14:14:47.05; 022.1; 022.1; 022.2; 022.2; 022.2; 022.3; 022.1; 022.2; 022.8; 022.7; 022.6; 022.5; 022.5; 022.7; 022.7; 888888.0
14:14:47.06; 022.1; 022.1; 022.2; 022.2; 022.2; 022.3; 022.0; 022.2; 022.8; 022.6; 022.6; 022.5; 022.5; 022.7; 022.7; 888888.0
14:14:47.07; 022.1; 022.1; 022.2; 022.2; 022.2; 022.3; 022.0; 022.2; 022.8; 022.6; 022.6; 022.5; 022.5; 022.7; 022.7; 888888.0
14:14:47.08; 022.0; 022.1; 022.2; 022.2; 022.2; 022.3; 022.0; 022.2; 022.8; 022.6; 022.6; 022.5; 022.4; 022.7; 022.7; 888888.0
14:14:47.09; 022.0; 022.1; 022.2; 022.3; 022.2; 022.3; 022.0; 022.2; 022.8; 022.6; 022.6; 022.5; 022.4; 022.7; 022.7; 888888.0
14:14:47.10; 022.0; 022.1; 022.2; 022.3; 022.2; 022.3; 022.0; 022.2; 022.8; 022.6; 022.6; 022.5; 022.4; 022.7; 022.7; 888888.0
14:14:47.11; 022.0; 022.1; 022.2; 022.3; 022.2; 022.3; 022.0; 022.2; 022.8; 022.7; 022.6; 022.5; 022.4; 022.7; 022.7; 888888.0
14:14:47.12; 022.1; 022.1; 022.2; 022.3; 022.2; 022.3; 022.0; 022.2; 022.8; 022.7; 022.6; 022.5; 022.4; 022.7; 022.7; 888888.0
14:14:47.13; 022.1; 022.1; 022.2; 022.3; 022.2; 022.3; 022.0; 022.2; 022.8; 022.7; 022.6; 022.5; 022.4; 022.7; 022.7; 888888.0
14:14:47.15; 022.1; 022.1; 022.2; 022.2; 022.2; 022.3; 022.0; 022.2; 022.8; 022.7; 022.6; 022.5; 022.4; 022.7; 022.7; 888888.0
14:14:47.16; 022.1; 022.1; 022.2; 022.2; 022.2; 022.3; 022.0; 022.2; 022.8; 022.7; 022.6; 022.5; 022.4; 022.7; 022.7; 888888.0
14:14:47.17; 022.1; 022.1; 022.2; 022.2; 022.2; 022.3; 022.0; 022.2; 022.8; 022.7; 022.6; 022.5; 022.4; 022.7; 022.7; 888888.0
14:14:47.18; 022.1; 022.1; 022.2; 022.2; 022.2; 022.3; 022.0; 022.2; 022.8; 022.7; 022.6; 022.5; 022.5; 022.7; 022.7; 888888.0
14:14:47.19; 022.1; 022.1; 022.1; 022.3; 022.2; 022.3; 022.0; 022.2; 022.8; 022.7; 022.6; 022.5; 022.5; 022.7; 022.7; 888888.0
14:14:47.20; 022.1; 022.1; 022.1; 022.3; 022.2; 022.3; 022.0; 022.2; 022.8; 022.7; 022.6; 022.5; 022.5; 022.7; 022.7; 888888.0
14:14:47.21; 022.1; 022.1; 022.1; 022.3; 022.2; 022.3; 022.0; 022.2; 022.8; 022.7; 022.5; 022.5; 022.5; 022.7; 022.7; 888888.0
14:14:47.22; 022.1; 022.1; 022.1; 022.3; 022.2; 022.3; 022.0; 022.2; 022.8; 022.7; 022.5; 022.5; 022.4; 022.7; 022.7; 888888.0
14:14:47.23; 022.1; 022.1; 022.1; 022.3; 022.2; 022.3; 022.0; 022.2; 022.8; 022.7; 022.5; 022.5; 022.4; 022.7; 022.7; 888888.0
14:14:47.24; 022.1; 022.1; 022.1; 022.3; 022.2; 022.3; 022.0; 022.2; 022.8; 022.7; 022.5; 022.5; 022.4; 022.7; 022.7; 888888.0
14:14:47.26; 022.1; 022.1; 022.1; 022.3; 022.2; 022.3; 022.0; 022.2; 022.8; 022.7; 022.5; 022.5; 022.4; 022.7; 022.7; 888888.0
14:14:47.28; 022.1; 022.1; 022.1; 022.3; 022.2; 022.3; 022.0; 022.2; 022.8; 022.7; 022.6; 022.5; 022.4; 022.7; 022.7; 888888.0
14:14:47.29; 022.0; 022.1; 022.1; 022.3; 022.2; 022.3; 022.0; 022.2; 022.8; 022.7; 022.6; 022.5; 022.5; 022.7; 022.7; 888888.0
14:14:47.30; 022.0; 022.1; 022.1; 022.3; 022.2; 022.3; 022.0; 022.2; 022.8; 022.7; 022.6; 022.5; 022.5; 022.7; 022.7; 888888.0
14:14:47.31; 022.0; 022.1; 022.1; 022.3; 022.2; 022.3; 022.0; 022.2; 022.8; 022.7; 022.6; 022.5; 022.5; 022.7; 022.7; 888888.0
14:14:47.33; 022.0; 022.1; 022.1; 022.3; 022.2; 022.3; 022.0; 022.2; 022.8; 022.7; 022.6; 022.5; 022.5; 022.7; 022.7; 888888.0
14:14:47.34; 022.1; 022.1; 022.1; 022.3; 022.2; 022.3; 022.0; 022.2; 022.8; 022.7; 022.6; 022.5; 022.5; 022.7; 022.7; 888888.0
14:14:47.35; 022.1; 022.1; 022.2; 022.3; 022.2; 022.3; 022.0; 022.2; 022.8; 022.7; 022.6; 022.5; 022.5; 022.7; 022.7; 888888.0
14:14:47.36; 022.1; 022.1; 022.2; 022.3; 022.2; 022.3; 022.0; 022.2; 022.8; 022.7; 022.6; 022.5; 022.5; 022.7; 022.7; 888888.0
14:14:47.38; 022.1; 022.1; 022.2; 022.3; 022.2; 022.3; 022.0; 022.2; 022.8; 022.6; 022.6; 022.5; 022.5; 022.7; 022.7; 888888.0
14:14:47.39; 022.1; 022.1; 022.2; 022.3; 022.2; 022.3; 022.0; 022.2; 022.8; 022.6; 022.6; 022.5; 022.5; 022.7; 022.7; 888888.0
14:14:47.40; 022.0; 022.1; 022.2; 022.3; 022.2; 022.3; 022.0; 022.2; 022.8; 022.6; 022.6; 022.5; 022.5; 022.7; 022.7; 888888.0
14:14:47.41; 022.0; 022.1; 022.1; 022.3; 022.2; 022.3; 022.0; 022.2; 022.8; 022.6; 022.6; 022.5; 022.5; 022.7; 022.7; 888888.0
14:14:47.42; 022.0; 022.1; 022.1; 022.3; 022.2; 022.3; 022.0; 022.2; 022.8; 022.6; 022.6; 022.5; 022.5; 022.7; 022.7; 888888.0
14:14:47.44; 022.0; 022.1; 022.1; 022.3; 022.2; 022.3; 022.0; 022.2; 022.8; 022.7; 022.6; 022.5; 022.5; 022.7; 022.7; 888888.0
14:14:47.45; 022.1; 022.1; 022.1; 022.3; 022.2; 022.3; 022.0; 022.2; 022.8; 022.7; 022.6; 022.5; 022.4; 022.7; 022.7; 888888.0
14:14:47.46; 022.1; 022.1; 022.1; 022.3; 022.2; 022.3; 022.0; 022.2; 022.8; 022.7; 022.6; 022.5; 022.4; 022.7; 022.7; 888888.0
14:14:47.47; 022.1; 022.1; 022.1; 022.3; 022.2; 022.3; 022.0; 022.2; 022.8; 022.7; 022.6; 022.5; 022.4; 022.7; 022.7; 888888.0
14:14:47.48; 022.1; 022.1; 022.1; 022.3; 022.2; 022.3; 022.0; 022.2; 022.8; 022.6; 022.6; 022.5; 022.4; 022.7; 022.7; 888888.0
14:14:47.49; 022.1; 022.1; 022.1; 022.3; 022.2; 022.3; 022.0; 022.2; 022.8; 022.6; 022.6; 022.5; 022.4; 022.7; 022.7; 888888.0
14:14:47.50; 022.0; 022.1; 022.1; 022.3; 022.2; 022.3; 022.0; 022.2; 022.8; 022.6; 022.6; 022.5; 022.5; 022.7; 022.7; 888888.0
14:14:47.51; 022.0; 022.1; 022.1; 022.3; 022.2; 022.3; 022.0; 022.2; 022.8; 022.6; 022.6; 022.5; 022.5; 022.7; 022.7; 888888.0
14:14:47.52; 022.0; 022.1; 022.1; 022.3; 022.2; 022.3; 022.0; 022.2; 022.8; 022.6; 022.6; 022.5; 022.5; 022.7; 022.7; 888888.0
14:14:47.53; 022.0; 022.1; 022.1; 022.3; 022.2; 022.3; 022.0; 022.2; 022.8; 022.7; 022.5; 022.5; 022.5; 022.7; 022.7; 888888.0
14:14:47.55; 022.0; 022.1; 022.1; 022.3; 022.2; 022.3; 022.0; 022.2; 022.8; 022.7; 022.5; 022.5; 022.5; 022.7; 022.7; 888888.0
14:14:47.56; 022.0; 022.1; 022.2; 022.3; 022.2; 022.3; 022.0; 022.2; 022.8; 022.7; 022.5; 022.5; 022.5; 022.6; 022.7; 888888.0
14:14:47.57; 022.0; 022.1; 022.2; 022.2; 022.2; 022.3; 022.0; 022.2; 022.8; 022.7; 022.5; 022.5; 022.5; 022.6; 022.7; 888888.0
14:14:47.58; 022.0; 022.1; 022.2; 022.2; 022.2; 022.3; 022.0; 022.2; 022.8; 022.6; 022.5; 022.5; 022.5; 022.6; 022.7; 888888.0
14:14:47.59; 022.0; 022.1; 022.2; 022.2; 022.2; 022.3; 022.0; 022.2; 022.8; 022.6; 022.6; 022.5; 022.5; 022.6; 022.7; 888888.0
14:14:47.60; 022.1; 022.1; 022.2; 022.2; 022.2; 022.3; 022.0; 022.2; 022.8; 022.6; 022.6; 022.5; 022.4; 022.7; 022.7; 888888.0
14:14:47.61; 022.1; 022.1; 022.1; 022.2; 022.2; 022.3; 022.0; 022.2; 022.8; 022.6; 022.6; 022.5; 022.4; 022.7; 022.7; 888888.0
14:14:47.62; 022.1; 022.1; 022.1; 022.2; 022.2; 022.3; 022.0; 022.2; 022.8; 022.6; 022.6; 022.5; 022.4; 022.7; 022.7; 888888.0
14:14:47.63; 022.1; 022.1; 022.1; 022.2; 022.2; 022.3; 022.0; 022.2; 022.8; 022.6; 022.6; 022.5; 022.4; 022.7; 022.7; 888888.0
14:14:47.64; 022.1; 022.1; 022.1; 022.2; 022.2; 022.3; 022.0; 022.2; 022.8; 022.6; 022.6; 022.5; 022.5; 022.7; 022.7; 888888.0
14:14:47.65; 022.1; 022.1; 022.2; 022.2; 022.2; 022.3; 022.0; 022.2; 022.8; 022.6; 022.6; 022.5; 022.5; 022.7; 022.7; 888888.0
14:14:47.66; 022.1; 022.1; 022.2; 022.3; 022.2; 022.3; 022.0; 022.2; 022.8; 022.6; 022.6; 022.5; 022.5; 022.7; 022.7; 888888.0
14:14:47.67; 022.1; 022.1; 022.2; 022.3; 022.2; 022.3; 022.0; 022.2; 022.8; 022.6; 022.6; 022.5; 022.5; 022.7; 022.7; 888888.0
14:14:47.69; 022.1; 022.1; 022.2; 022.3; 022.2; 022.3; 022.0; 022.2; 022.8; 022.6; 022.6; 022.5; 022.5; 022.7; 022.7; 888888.0
14:14:47.70; 022.0; 022.1; 022.2; 022.3; 022.2; 022.3; 022.0; 022.2; 022.8; 022.6; 022.6; 022.5; 022.5; 022.7; 022.7; 888888.0
14:14:47.71; 022.0; 022.1; 022.2; 022.2; 022.2; 022.3; 022.0; 022.2; 022.8; 022.6; 022.6; 022.5; 022.5; 022.7; 022.7; 888888.0
14:14:47.72; 022.0; 022.1; 022.2; 022.2; 022.2; 022.3; 022.0; 022.2; 022.8; 022.6; 022.6; 022.5; 022.5; 022.7; 022.7; 888888.0
14:14:47.73; 022.0; 022.1; 022.2; 022.2; 022.2; 022.3; 022.0; 022.2; 022.8; 022.7; 022.6; 022.5; 022.5; 022.7; 022.7; 888888.0
14:14:47.74; 022.1; 022.1; 022.2; 022.2; 022.2; 022.3; 022.0; 022.2; 022.8; 022.7; 022.6; 022.5; 022.4; 022.7; 022.7; 888888.0
14:14:47.75; 022.1; 022.1; 022.2; 022.2; 022.2; 022.3; 022.0; 022.2; 022.8; 022.7; 022.6; 022.5; 022.4; 022.7; 022.7; 888888.0
14:14:47.76; 022.1; 022.1; 022.2; 022.2; 022.2; 022.3; 022.0; 022.2; 022.8; 022.7; 022.6; 022.5; 022.4; 022.7; 022.7; 888888.0
14:14:47.77; 022.1; 022.1; 022.2; 022.2; 022.2; 022.3; 022.0; 022.2; 022.8; 022.7; 022.6; 022.5; 022.4; 022.7; 022.7; 888888.0
14:14:47.78; 022.1; 022.1; 022.2; 022.2; 022.2; 022.3; 022.0; 022.2; 022.8; 022.7; 022.6; 022.5; 022.4; 022.7; 022.7; 888888.0
14:14:47.79; 022.0; 022.1; 022.2; 022.2; 022.2; 022.3; 022.0; 022.2; 022.8; 022.7; 022.6; 022.5; 022.5; 022.7; 022.7; 888888.0
14:14:47.80; 022.0; 022.1; 022.2; 022.3; 022.2; 022.3; 022.0; 022.2; 022.8; 022.7; 022.6; 022.5; 022.5; 022.7; 022.7; 888888.0
14:14:47.81; 022.0; 022.1; 022.2; 022.3; 022.2; 022.3; 022.0; 022.2; 022.8; 022.7; 022.6; 022.5; 022.5; 022.7; 022.7; 888888.0
14:14:47.82; 022.0; 022.1; 022.2; 022.3; 022.2; 022.3; 022.0; 022.2; 022.8; 022.7; 022.6; 022.5; 022.5; 022.7; 022.7; 888888.0
14:14:47.83; 022.1; 022.1; 022.2; 022.3; 022.2; 022.3; 022.0; 022.2; 022.8; 022.7; 022.6; 022.5; 022.5; 022.7; 022.7; 888888.0
14:14:47.84; 022.1; 022.1; 022.2; 022.3; 022.2; 022.3; 022.0; 022.2; 022.8; 022.7; 022.6; 022.5; 022.5; 022.7; 022.7; 888888.0
14:14:47.85; 022.1; 022.1; 022.2; 022.3; 022.2; 022.3; 022.0; 022.2; 022.8; 022.7; 022.6; 022.5; 022.5; 022.7; 022.7; 888888.0
14:14:47.86; 022.1; 022.1; 022.2; 022.3; 022.2; 022.3; 022.1; 022.2; 022.8; 022.6; 022.6; 022.5; 022.5; 022.7; 022.7; 888888.0
14:14:47.87; 022.1; 022.1; 022.2; 022.3; 022.2; 022.3; 022.1; 022.2; 022.8; 022.6; 022.6; 022.5; 022.5; 022.7; 022.7; 888888.0
14:14:47.88; 022.0; 022.1; 022.2; 022.3; 022.2; 022.3; 022.1; 022.2; 022.8; 022.6; 022.6; 022.5; 022.4; 022.6; 022.7; 888888.0
14:14:47.90; 022.0; 022.1; 022.2; 022.2; 022.2; 022.3; 022.1; 022.2; 022.8; 022.6; 022.6; 022.5; 022.4; 022.6; 022.7; 888888.0
14:14:47.91; 022.0; 022.1; 022.2; 022.2; 022.2; 022.3; 022.1; 022.2; 022.8; 022.6; 022.6; 022.5; 022.4; 022.6; 022.7; 888888.0
14:14:47.92; 022.0; 022.1; 022.2; 022.2; 022.2; 022.3; 022.1; 022.2; 022.8; 022.7; 022.6; 022.5; 022.4; 022.6; 022.7; 888888.0
14:14:47.93; 022.1; 022.1; 022.2; 022.2; 022.2; 022.3; 022.1; 022.2; 022.8; 022.7; 022.6; 022.5; 022.5; 022.6; 022.7; 888888.0
14:14:47.94; 022.1; 022.1; 022.2; 022.2; 022.2; 022.3; 022.1; 022.2; 022.8; 022.7; 022.6; 022.5; 022.5; 022.7; 022.7; 888888.0
14:14:47.95; 022.1; 022.1; 022.2; 022.3; 022.2; 022.3; 022.1; 022.2; 022.8; 022.7; 022.6; 022.5; 022.5; 022.7; 022.7; 888888.0
14:14:47.96; 022.1; 022.1; 022.2; 022.3; 022.2; 022.3; 022.0; 022.2; 022.8; 022.7; 022.6; 022.5; 022.5; 022.7; 022.7; 888888.0
14:14:47.97; 022.1; 022.1; 022.2; 022.3; 022.2; 022.3; 022.0; 022.2; 022.8; 022.7; 022.6; 022.5; 022.5; 022.7; 022.7; 888888.0
14:14:47.98; 022.0; 022.1; 022.2; 022.3; 022.2; 022.3; 022.0; 022.2; 022.8; 022.7; 022.6; 022.5; 022.5; 022.7; 022.7; 888888.0
14:14:47.99; 022.0; 022.1; 022.2; 022.2; 022.2; 022.3; 022.0; 022.2; 022.8; 022.7; 022.6; 022.5; 022.5; 022.7; 022.7; 888888.0
14:14:48.00; 022.0; 022.1; 022.2; 022.2; 022.2; 022.3; 022.0; 022.2; 022.8; 022.7; 022.6; 022.5; 022.5; 022.7; 022.7; 888888.0
14:14:48.01; 022.0; 022.1; 022.2; 022.2; 022.2; 022.3; 022.0; 022.2; 022.8; 022.7; 022.6; 022.5; 022.5; 022.7; 022.7; 888888.0
14:14:48.02; 022.1; 022.1; 022.2; 022.2; 022.2; 022.3; 022.0; 022.2; 022.8; 022.7; 022.6; 022.5; 022.5; 022.7; 022.7; 888888.0
14:14:48.03; 022.1; 022.1; 022.2; 022.2; 022.2; 022.3; 022.0; 022.2; 022.8; 022.7; 022.6; 022.5; 022.5; 022.7; 022.7; 888888.0
14:14:48.04; 022.1; 022.1; 022.2; 022.2; 022.2; 022.3; 022.0; 022.2; 022.8; 022.7; 022.6; 022.5; 022.5; 022.7; 022.7; 888888.0
14:14:48.05; 022.1; 022.1; 022.2; 022.2; 022.2; 022.3; 022.0; 022.2; 022.8; 022.7; 022.6; 022.5; 022.5; 022.7; 022.7; 888888.0
14:14:48.06; 022.1; 022.1; 022.2; 022.2; 022.2; 022.3; 022.0; 022.2; 022.8; 022.7; 022.6; 022.5; 022.5; 022.7; 022.7; 888888.0
14:14:48.07; 022.1; 022.1; 022.2; 022.2; 022.2; 022.3; 022.0; 022.2; 022.8; 022.7; 022.6; 022.5; 022.5; 022.7; 022.7; 888888.0
14:14:48.08; 022.1; 022.1; 022.2; 022.3; 022.2; 022.3; 022.0; 022.2; 022.8; 022.7; 022.6; 022.5; 022.5; 022.7; 022.7; 888888.0
14:14:48.09; 022.1; 022.1; 022.2; 022.3; 022.2; 022.3; 022.0; 022.2; 022.8; 022.7; 022.6; 022.5; 022.5; 022.7; 022.7; 888888.0
14:14:48.10; 022.1; 022.1; 022.2; 022.3; 022.2; 022.3; 022.0; 022.2; 022.8; 022.7; 022.6; 022.5; 022.5; 022.7; 022.7; 888888.0
14:14:48.12; 022.0; 022.1; 022.2; 022.3; 022.2; 022.3; 022.0; 022.2; 022.8; 022.7; 022.6; 022.5; 022.4; 022.7; 022.7; 888888.0
14:14:48.13; 022.0; 022.1; 022.2; 022.3; 022.2; 022.3; 022.0; 022.2; 022.8; 022.7; 022.6; 022.5; 022.4; 022.7; 022.7; 888888.0
14:14:48.14; 022.0; 022.1; 022.2; 022.3; 022.2; 022.3; 022.0; 022.2; 022.8; 022.7; 022.6; 022.5; 022.4; 022.7; 022.7; 888888.0
14:14:48.15; 022.0; 022.1; 022.2; 022.3; 022.2; 022.3; 022.0; 022.2; 022.8; 022.7; 022.6; 022.5; 022.4; 022.7; 022.7; 888888.0
14:14:48.16; 022.0; 022.1; 022.2; 022.3; 022.2; 022.3; 022.0; 022.2; 022.8; 022.7; 022.6; 022.5; 022.4; 022.7; 022.7; 888888.0
14:14:48.17; 022.1; 022.1; 022.2; 022.3; 022.2; 022.3; 022.0; 022.2; 022.8; 022.7; 022.6; 022.5; 022.5; 022.7; 022.7; 888888.0
14:14:48.19; 022.1; 022.1; 022.2; 022.3; 022.2; 022.3; 022.0; 022.2; 022.8; 022.7; 022.6; 022.5; 022.5; 022.7; 022.7; 888888.0
14:14:48.20; 022.1; 022.1; 022.2; 022.3; 022.2; 022.3; 022.0; 022.2; 022.8; 022.7; 022.6; 022.5; 022.5; 022.7; 022.7; 888888.0
14:14:48.21; 022.1; 022.1; 022.2; 022.3; 022.2; 022.3; 022.0; 022.2; 022.8; 022.7; 022.6; 022.5; 022.5; 022.7; 022.7; 888888.0
14:14:48.22; 022.1; 022.1; 022.2; 022.3; 022.2; 022.3; 022.0; 022.2; 022.8; 022.7; 022.6; 022.5; 022.5; 022.7; 022.7; 888888.0
14:14:48.23; 022.1; 022.1; 022.1; 022.3; 022.2; 022.3; 022.0; 022.2; 022.8; 022.7; 022.6; 022.5; 022.5; 022.7; 022.7; 888888.0
14:14:48.24; 022.1; 022.1; 022.1; 022.3; 022.2; 022.3; 022.0; 022.2; 022.8; 022.7; 022.6; 022.5; 022.5; 022.7; 022.7; 888888.0
14:14:48.25; 022.1; 022.1; 022.1; 022.3; 022.2; 022.3; 022.0; 022.2; 022.8; 022.6; 022.6; 022.5; 022.5; 022.7; 022.7; 888888.0
14:14:48.26; 022.1; 022.1; 022.1; 022.3; 022.2; 022.3; 022.0; 022.2; 022.8; 022.6; 022.6; 022.5; 022.5; 022.7; 022.7; 888888.0
14:14:48.27; 022.0; 022.1; 022.1; 022.3; 022.2; 022.3; 022.0; 022.2; 022.8; 022.6; 022.6; 022.5; 022.5; 022.7; 022.7; 888888.0
14:14:48.28; 022.0; 022.1; 022.1; 022.2; 022.2; 022.3; 022.0; 022.2; 022.8; 022.6; 022.6; 022.5; 022.5; 022.7; 022.7; 888888.0
14:14:48.29; 022.0; 022.1; 022.1; 022.2; 022.2; 022.3; 022.0; 022.2; 022.8; 022.6; 022.6; 022.5; 022.5; 022.7; 022.7; 888888.0
14:14:48.30; 022.0; 022.1; 022.1; 022.2; 022.2; 022.3; 022.1; 022.2; 022.8; 022.7; 022.6; 022.5; 022.5; 022.7; 022.7; 888888.0
14:14:48.31; 022.1; 022.1; 022.1; 022.2; 022.2; 022.3; 022.1; 022.2; 022.8; 022.7; 022.6; 022.5; 022.4; 022.7; 022.7; 888888.0
14:14:48.32; 022.1; 022.1; 022.2; 022.2; 022.2; 022.3; 022.1; 022.2; 022.8; 022.7; 022.6; 022.5; 022.4; 022.6; 022.7; 888888.0
14:14:48.33; 022.1; 022.1; 022.2; 022.3; 022.2; 022.3; 022.1; 022.2; 022.8; 022.7; 022.6; 022.5; 022.4; 022.6; 022.7; 888888.0
14:14:48.34; 022.1; 022.1; 022.2; 022.3; 022.2; 022.3; 022.0; 022.2; 022.8; 022.6; 022.6; 022.5; 022.4; 022.6; 022.7; 888888.0
14:14:48.35; 022.1; 022.1; 022.2; 022.3; 022.2; 022.3; 022.0; 022.2; 022.8; 022.6; 022.6; 022.5; 022.4; 022.6; 022.7; 888888.0
14:14:48.36; 022.1; 022.1; 022.2; 022.3; 022.2; 022.3; 022.0; 022.2; 022.8; 022.6; 022.6; 022.5; 022.5; 022.7; 022.7; 888888.0
14:14:48.37; 022.1; 022.1; 022.2; 022.2; 022.2; 022.3; 022.0; 022.2; 022.8; 022.6; 022.6; 022.5; 022.5; 022.7; 022.7; 888888.0
14:14:48.38; 022.1; 022.1; 022.2; 022.2; 022.2; 022.3; 022.0; 022.2; 022.8; 022.6; 022.6; 022.5; 022.5; 022.7; 022.7; 888888.0
14:14:48.39; 022.1; 022.1; 022.2; 022.2; 022.2; 022.3; 022.0; 022.2; 022.8; 022.7; 022.5; 022.5; 022.5; 022.7; 022.7; 888888.0
14:14:48.40; 022.1; 022.1; 022.2; 022.2; 022.2; 022.3; 022.0; 022.2; 022.8; 022.7; 022.5; 022.5; 022.5; 022.7; 022.7; 888888.0
14:14:48.41; 022.1; 022.1; 022.1; 022.2; 022.2; 022.3; 022.0; 022.2; 022.8; 022.7; 022.5; 022.5; 022.5; 022.7; 022.7; 888888.0
14:14:48.42; 022.1; 022.1; 022.1; 022.2; 022.2; 022.3; 022.0; 022.2; 022.8; 022.7; 022.5; 022.5; 022.5; 022.7; 022.7; 888888.0
14:14:48.44; 022.1; 022.1; 022.1; 022.2; 022.2; 022.3; 022.0; 022.2; 022.8; 022.7; 022.5; 022.5; 022.5; 022.7; 022.7; 888888.0
14:14:48.45; 022.1; 022.1; 022.1; 022.2; 022.2; 022.3; 022.0; 022.2; 022.8; 022.7; 022.6; 022.5; 022.5; 022.7; 022.7; 888888.0
14:14:48.46; 022.1; 022.1; 022.1; 022.2; 022.2; 022.3; 022.0; 022.2; 022.8; 022.7; 022.6; 022.5; 022.5; 022.7; 022.7; 888888.0
14:14:48.47; 022.1; 022.1; 022.1; 022.3; 022.2; 022.3; 022.0; 022.2; 022.8; 022.7; 022.6; 022.5; 022.5; 022.7; 022.7; 888888.0
14:14:48.48; 022.1; 022.1; 022.1; 022.3; 022.2; 022.3; 022.0; 022.2; 022.8; 022.7; 022.6; 022.5; 022.5; 022.7; 022.7; 888888.0
14:14:48.49; 022.1; 022.1; 022.1; 022.3; 022.2; 022.3; 022.1; 022.2; 022.8; 022.7; 022.6; 022.5; 022.5; 022.7; 022.7; 888888.0
14:14:48.50; 022.1; 022.1; 022.1; 022.3; 022.2; 022.3; 022.1; 022.2; 022.8; 022.7; 022.6; 022.5; 022.5; 022.7; 022.7; 888888.0
14:14:48.51; 022.1; 022.1; 022.2; 022.3; 022.2; 022.3; 022.1; 022.2; 022.8; 022.7; 022.6; 022.5; 022.5; 022.7; 022.7; 888888.0
14:14:48.52; 022.1; 022.1; 022.2; 022.2; 022.2; 022.3; 022.1; 022.2; 022.8; 022.7; 022.6; 022.5; 022.5; 022.7; 022.7; 888888.0
14:14:48.53; 022.1; 022.1; 022.2; 022.2; 022.2; 022.3; 022.0; 022.2; 022.8; 022.6; 022.6; 022.5; 022.5; 022.7; 022.7; 888888.0
14:14:48.54; 022.1; 022.1; 022.2; 022.2; 022.2; 022.3; 022.0; 022.2; 022.8; 022.6; 022.6; 022.5; 022.5; 022.7; 022.7; 888888.0
14:14:48.55; 022.0; 022.1; 022.2; 022.2; 022.2; 022.3; 022.0; 022.2; 022.8; 022.6; 022.6; 022.5; 022.4; 022.7; 022.7; 888888.0
14:14:48.56; 022.0; 022.1; 022.1; 022.2; 022.2; 022.3; 022.0; 022.2; 022.8; 022.6; 022.6; 022.5; 022.4; 022.7; 022.7; 888888.0
14:14:48.57; 022.0; 022.1; 022.1; 022.2; 022.2; 022.3; 022.0; 022.2; 022.8; 022.6; 022.6; 022.5; 022.4; 022.7; 022.7; 888888.0
14:14:48.59; 022.0; 022.1; 022.1; 022.2; 022.2; 022.3; 022.1; 022.2; 022.8; 022.7; 022.6; 022.5; 022.4; 022.7; 022.7; 888888.0
14:14:48.59; 022.1; 022.1; 022.1; 022.2; 022.2; 022.3; 022.1; 022.2; 022.8; 022.7; 022.6; 022.5; 022.5; 022.7; 022.7; 888888.0
14:14:48.60; 022.1; 022.1; 022.1; 022.2; 022.2; 022.3; 022.1; 022.2; 022.8; 022.7; 022.6; 022.5; 022.5; 022.7; 022.7; 888888.0
14:14:48.62; 022.1; 022.1; 022.1; 022.2; 022.2; 022.3; 022.1; 022.2; 022.8; 022.7; 022.6; 022.5; 022.5; 022.7; 022.7; 888888.0
14:14:48.63; 022.1; 022.1; 022.1; 022.2; 022.2; 022.3; 022.0; 022.2; 022.8; 022.7; 022.6; 022.5; 022.5; 022.7; 022.7; 888888.0
14:14:48.64; 022.1; 022.1; 022.1; 022.2; 022.2; 022.3; 022.0; 022.2; 022.8; 022.7; 022.6; 022.5; 022.5; 022.7; 022.7; 888888.0
14:14:48.65; 022.0; 022.1; 022.1; 022.2; 022.2; 022.3; 022.0; 022.2; 022.8; 022.7; 022.6; 022.5; 022.5; 022.7; 022.7; 888888.0
14:14:48.66; 022.0; 022.1; 022.2; 022.3; 022.2; 022.3; 022.0; 022.2; 022.8; 022.7; 022.6; 022.5; 022.5; 022.7; 022.7; 888888.0
14:14:48.67; 022.0; 022.1; 022.2; 022.3; 022.2; 022.3; 022.0; 022.2; 022.8; 022.7; 022.6; 022.5; 022.5; 022.7; 022.7; 888888.0
14:14:48.68; 022.0; 022.1; 022.2; 022.3; 022.2; 022.3; 022.0; 022.2; 022.8; 022.7; 022.6; 022.5; 022.5; 022.7; 022.7; 888888.0
14:14:48.69; 022.1; 022.1; 022.2; 022.3; 022.2; 022.3; 022.0; 022.2; 022.8; 022.7; 022.6; 022.5; 022.5; 022.7; 022.7; 888888.0
14:14:48.70; 022.1; 022.1; 022.1; 022.3; 022.2; 022.3; 022.0; 022.2; 022.8; 022.7; 022.6; 022.5; 022.5; 022.7; 022.7; 888888.0
14:14:48.71; 022.1; 022.1; 022.1; 022.3; 022.2; 022.3; 022.0; 022.2; 022.8; 022.7; 022.6; 022.5; 022.5; 022.7; 022.7; 888888.0
14:14:48.72; 022.1; 022.1; 022.1; 022.3; 022.2; 022.3; 022.0; 022.2; 022.8; 022.6; 022.6; 022.5; 022.5; 022.7; 022.7; 888888.0
14:14:48.73; 022.1; 022.1; 022.1; 022.3; 022.2; 022.3; 022.0; 022.2; 022.8; 022.6; 022.6; 022.5; 022.5; 022.7; 022.7; 888888.0
14:14:48.74; 022.0; 022.1; 022.1; 022.3; 022.2; 022.3; 022.0; 022.2; 022.8; 022.6; 022.6; 022.5; 022.4; 022.7; 022.7; 888888.0
14:14:48.75; 022.0; 022.1; 022.1; 022.2; 022.2; 022.3; 022.0; 022.2; 022.8; 022.6; 022.6; 022.5; 022.4; 022.7; 022.7; 888888.0
14:14:48.76; 022.0; 022.1; 022.1; 022.2; 022.2; 022.3; 022.0; 022.2; 022.8; 022.6; 022.6; 022.5; 022.4; 022.7; 022.7; 888888.0
14:14:48.77; 022.0; 022.1; 022.1; 022.2; 022.2; 022.3; 022.0; 022.2; 022.8; 022.7; 022.6; 022.5; 022.4; 022.7; 022.7; 888888.0
14:14:48.78; 022.1; 022.1; 022.1; 022.2; 022.2; 022.3; 022.0; 022.2; 022.8; 022.7; 022.6; 022.5; 022.5; 022.7; 022.7; 888888.0
14:14:48.80; 022.1; 022.1; 022.1; 022.2; 022.2; 022.3; 022.0; 022.2; 022.8; 022.7; 022.6; 022.5; 022.5; 022.7; 022.7; 888888.0
14:14:48.81; 022.1; 022.1; 022.1; 022.2; 022.2; 022.3; 022.0; 022.2; 022.8; 022.7; 022.6; 022.5; 022.5; 022.7; 022.7; 888888.0
14:14:48.82; 022.1; 022.1; 022.1; 022.2; 022.2; 022.3; 022.0; 022.2; 022.8; 022.6; 022.6; 022.5; 022.5; 022.7; 022.7; 888888.0
14:14:48.83; 022.1; 022.1; 022.1; 022.2; 022.2; 022.3; 022.0; 022.2; 022.8; 022.6; 022.6; 022.5; 022.5; 022.7; 022.7; 888888.0
14:14:48.84; 022.1; 022.1; 022.1; 022.2; 022.2; 022.3; 022.0; 022.2; 022.8; 022.6; 022.6; 022.5; 022.4; 022.6; 022.7; 888888.0
14:14:48.85; 022.1; 022.1; 022.1; 022.2; 022.2; 022.3; 022.0; 022.2; 022.8; 022.6; 022.6; 022.5; 022.4; 022.6; 022.7; 888888.0
14:14:48.86; 022.1; 022.1; 022.1; 022.2; 022.2; 022.3; 022.0; 022.2; 022.8; 022.6; 022.6; 022.5; 022.4; 022.6; 022.7; 888888.0
14:14:48.87; 022.1; 022.1; 022.1; 022.2; 022.2; 022.3; 022.0; 022.2; 022.8; 022.7; 022.6; 022.5; 022.4; 022.6; 022.7; 888888.0
14:14:48.88; 022.1; 022.1; 022.1; 022.2; 022.2; 022.3; 022.0; 022.2; 022.8; 022.7; 022.6; 022.5; 022.5; 022.6; 022.7; 888888.0
14:14:48.89; 022.1; 022.1; 022.1; 022.2; 022.2; 022.3; 022.0; 022.2; 022.8; 022.7; 022.6; 022.5; 022.5; 022.7; 022.7; 888888.0
14:14:48.90; 022.1; 022.1; 022.1; 022.3; 022.2; 022.3; 022.0; 022.2; 022.8; 022.7; 022.6; 022.5; 022.5; 022.7; 022.7; 888888.0
14:14:48.91; 022.1; 022.1; 022.1; 022.3; 022.2; 022.3; 022.0; 022.2; 022.8; 022.6; 022.6; 022.5; 022.5; 022.7; 022.7; 888888.0
14:14:48.92; 022.1; 022.1; 022.1; 022.3; 022.2; 022.3; 022.0; 022.2; 022.8; 022.6; 022.6; 022.5; 022.5; 022.7; 022.7; 888888.0
14:14:48.93; 022.1; 022.1; 022.1; 022.3; 022.2; 022.3; 022.0; 022.2; 022.8; 022.6; 022.6; 022.5; 022.5; 022.7; 022.7; 888888.0
14:14:48.94; 022.1; 022.1; 022.2; 022.3; 022.2; 022.3; 022.0; 022.2; 022.8; 022.6; 022.6; 022.5; 022.5; 022.7; 022.7; 888888.0
14:14:48.95; 022.1; 022.1; 022.2; 022.3; 022.2; 022.3; 022.0; 022.2; 022.8; 022.6; 022.6; 022.5; 022.5; 022.7; 022.7; 888888.0
14:14:48.96; 022.1; 022.1; 022.2; 022.3; 022.2; 022.3; 022.0; 022.2; 022.8; 022.7; 022.6; 022.5; 022.5; 022.7; 022.7; 888888.0
14:14:48.97; 022.1; 022.1; 022.2; 022.3; 022.2; 022.3; 022.0; 022.2; 022.8; 022.7; 022.6; 022.5; 022.4; 022.7; 022.7; 888888.0
14:14:48.98; 022.1; 022.1; 022.1; 022.3; 022.2; 022.3; 022.0; 022.2; 022.8; 022.7; 022.6; 022.5; 022.4; 022.7; 022.7; 888888.0
14:14:48.99; 022.1; 022.1; 022.1; 022.2; 022.2; 022.3; 022.0; 022.2; 022.8; 022.7; 022.6; 022.5; 022.4; 022.7; 022.7; 888888.0
14:14:49.01; 022.1; 022.1; 022.1; 022.2; 022.2; 022.3; 022.0; 022.2; 022.8; 022.6; 022.6; 022.5; 022.4; 022.7; 022.7; 888888.0
14:14:49.02; 022.1; 022.1; 022.1; 022.2; 022.2; 022.3; 022.0; 022.2; 022.8; 022.6; 022.6; 022.5; 022.4; 022.7; 022.7; 888888.0
14:14:49.03; 022.1; 022.1; 022.1; 022.2; 022.2; 022.3; 022.0; 022.2; 022.8; 022.6; 022.6; 022.5; 022.5; 022.7; 022.7; 888888.0
14:14:49.04; 022.1; 022.1; 022.1; 022.2; 022.2; 022.3; 022.0; 022.2; 022.8; 022.6; 022.6; 022.5; 022.5; 022.7; 022.8; 888888.0
14:14:49.05; 022.1; 022.1; 022.1; 022.2; 022.2; 022.3; 022.0; 022.2; 022.8; 022.6; 022.6; 022.5; 022.5; 022.7; 022.8; 888888.0
14:14:49.06; 022.1; 022.1; 022.1; 022.2; 022.2; 022.3; 022.0; 022.2; 022.8; 022.7; 022.6; 022.5; 022.5; 022.7; 022.8; 888888.0
14:14:49.07; 022.1; 022.1; 022.1; 022.2; 022.2; 022.3; 022.0; 022.2; 022.8; 022.7; 022.6; 022.5; 022.4; 022.7; 022.8; 888888.0
14:14:49.08; 022.1; 022.1; 022.1; 022.2; 022.2; 022.3; 022.0; 022.2; 022.8; 022.7; 022.6; 022.5; 022.4; 022.7; 022.7; 888888.0
14:14:49.09; 022.1; 022.1; 022.1; 022.2; 022.2; 022.3; 022.0; 022.2; 022.8; 022.7; 022.6; 022.5; 022.4; 022.7; 022.7; 888888.0
14:14:49.10; 022.1; 022.1; 022.1; 022.2; 022.2; 022.3; 022.1; 022.2; 022.8; 022.6; 022.6; 022.5; 022.4; 022.7; 022.7; 888888.0
14:14:49.11; 022.1; 022.1; 022.1; 022.2; 022.2; 022.3; 022.1; 022.2; 022.8; 022.6; 022.6; 022.5; 022.4; 022.7; 022.7; 888888.0
14:14:49.12; 022.0; 022.1; 022.1; 022.2; 022.2; 022.3; 022.1; 022.2; 022.8; 022.6; 022.6; 022.5; 022.5; 022.7; 022.7; 888888.0
14:14:49.13; 022.0; 022.1; 022.2; 022.2; 022.2; 022.3; 022.1; 022.2; 022.8; 022.6; 022.6; 022.5; 022.5; 022.7; 022.7; 888888.0
14:14:49.15; 022.0; 022.1; 022.2; 022.2; 022.2; 022.3; 022.1; 022.2; 022.8; 022.6; 022.6; 022.5; 022.5; 022.7; 022.7; 888888.0
14:14:49.16; 022.0; 022.1; 022.2; 022.2; 022.2; 022.3; 022.0; 022.2; 022.8; 022.7; 022.6; 022.5; 022.5; 022.7; 022.7; 888888.0
14:14:49.17; 022.1; 022.1; 022.2; 022.2; 022.2; 022.3; 022.0; 022.2; 022.8; 022.7; 022.6; 022.5; 022.5; 022.7; 022.7; 888888.0
14:14:49.18; 022.1; 022.1; 022.1; 022.2; 022.2; 022.3; 022.0; 022.2; 022.8; 022.7; 022.6; 022.5; 022.5; 022.6; 022.7; 888888.0
14:14:49.19; 022.1; 022.1; 022.1; 022.3; 022.2; 022.3; 022.0; 022.2; 022.8; 022.7; 022.6; 022.5; 022.5; 022.6; 022.7; 888888.0
14:14:49.20; 022.1; 022.1; 022.1; 022.3; 022.2; 022.3; 022.0; 022.2; 022.8; 022.6; 022.6; 022.5; 022.5; 022.6; 022.7; 888888.0
14:14:49.21; 022.1; 022.1; 022.1; 022.3; 022.2; 022.3; 022.0; 022.1; 022.8; 022.6; 022.6; 022.5; 022.5; 022.6; 022.7; 888888.0
14:14:49.22; 022.1; 022.1; 022.1; 022.3; 022.2; 022.3; 022.0; 022.1; 022.8; 022.6; 022.6; 022.5; 022.5; 022.7; 022.7; 888888.0
14:14:49.23; 022.1; 022.1; 022.1; 022.2; 022.2; 022.3; 022.0; 022.1; 022.8; 022.6; 022.6; 022.5; 022.5; 022.7; 022.7; 888888.0
14:14:49.24; 022.1; 022.1; 022.1; 022.2; 022.2; 022.3; 022.0; 022.1; 022.8; 022.6; 022.6; 022.5; 022.5; 022.7; 022.7; 888888.0
14:14:49.25; 022.1; 022.1; 022.1; 022.2; 022.2; 022.3; 022.0; 022.2; 022.8; 022.6; 022.5; 022.5; 022.5; 022.7; 022.7; 888888.0
14:14:49.27; 022.1; 022.1; 022.1; 022.2; 022.2; 022.3; 022.0; 022.2; 022.8; 022.6; 022.5; 022.5; 022.4; 022.7; 022.7; 888888.0
14:14:49.28; 022.1; 022.1; 022.1; 022.2; 022.2; 022.3; 022.0; 022.2; 022.8; 022.6; 022.5; 022.5; 022.4; 022.6; 022.7; 888888.0
14:14:49.29; 022.1; 022.1; 022.1; 022.2; 022.2; 022.3; 022.0; 022.2; 022.8; 022.6; 022.5; 022.5; 022.4; 022.6; 022.7; 888888.0
14:14:49.30; 022.1; 022.1; 022.1; 022.2; 022.2; 022.3; 022.0; 022.2; 022.8; 022.6; 022.6; 022.5; 022.4; 022.6; 022.7; 888888.0
14:14:49.31; 022.0; 022.1; 022.1; 022.2; 022.2; 022.3; 022.0; 022.2; 022.8; 022.6; 022.6; 022.5; 022.5; 022.6; 022.7; 888888.0
14:14:49.32; 022.0; 022.1; 022.1; 022.2; 022.2; 022.3; 022.0; 022.2; 022.8; 022.6; 022.6; 022.5; 022.5; 022.7; 022.7; 888888.0
14:14:49.33; 022.0; 022.1; 022.1; 022.2; 022.2; 022.3; 022.0; 022.2; 022.8; 022.6; 022.6; 022.5; 022.5; 022.7; 022.7; 888888.0
14:14:49.34; 022.0; 022.1; 022.1; 022.2; 022.2; 022.3; 022.0; 022.2; 022.8; 022.6; 022.6; 022.5; 022.5; 022.7; 022.7; 888888.0
14:14:49.35; 022.0; 022.1; 022.1; 022.2; 022.2; 022.3; 022.0; 022.1; 022.8; 022.6; 022.6; 022.5; 022.5; 022.7; 022.7; 888888.0
14:14:49.36; 022.0; 022.1; 022.1; 022.2; 022.2; 022.3; 022.0; 022.1; 022.8; 022.6; 022.6; 022.5; 022.5; 022.7; 022.7; 888888.0
14:14:49.37; 022.0; 022.1; 022.2; 022.2; 022.2; 022.3; 022.0; 022.1; 022.8; 022.6; 022.6; 022.5; 022.5; 022.7; 022.7; 888888.0
14:14:49.38; 022.0; 022.1; 022.2; 022.2; 022.2; 022.3; 022.0; 022.1; 022.8; 022.6; 022.6; 022.5; 022.5; 022.7; 022.7; 888888.0
14:14:49.40; 022.0; 022.1; 022.2; 022.2; 022.2; 022.3; 022.0; 022.2; 022.8; 022.7; 022.6; 022.5; 022.5; 022.7; 022.7; 888888.0
14:14:49.41; 022.1; 022.1; 022.2; 022.2; 022.2; 022.3; 022.0; 022.2; 022.8; 022.7; 022.6; 022.5; 022.5; 022.7; 022.7; 888888.0
14:14:49.42; 022.1; 022.1; 022.1; 022.2; 022.2; 022.3; 022.0; 022.2; 022.8; 022.7; 022.6; 022.5; 022.5; 022.7; 022.7; 888888.0
14:14:49.43; 022.1; 022.1; 022.1; 022.2; 022.2; 022.3; 022.0; 022.2; 022.8; 022.7; 022.6; 022.5; 022.5; 022.7; 022.7; 888888.0
14:14:49.44; 022.1; 022.1; 022.1; 022.2; 022.2; 022.3; 022.0; 022.2; 022.8; 022.6; 022.6; 022.5; 022.5; 022.7; 022.7; 888888.0
14:14:49.45; 022.1; 022.1; 022.1; 022.2; 022.2; 022.3; 022.0; 022.2; 022.8; 022.6; 022.6; 022.5; 022.5; 022.7; 022.7; 888888.0
14:14:49.46; 022.1; 022.1; 022.1; 022.2; 022.2; 022.3; 022.0; 022.2; 022.8; 022.6; 022.6; 022.5; 022.5; 022.7; 022.7; 888888.0
14:14:49.47; 022.1; 022.1; 022.2; 022.2; 022.2; 022.3; 022.0; 022.2; 022.8; 022.6; 022.6; 022.5; 022.5; 022.7; 022.8; 888888.0
14:14:49.48; 022.1; 022.1; 022.2; 022.2; 022.2; 022.3; 022.0; 022.2; 022.8; 022.6; 022.6; 022.5; 022.5; 022.7; 022.8; 888888.0
14:14:49.49; 022.1; 022.1; 022.2; 022.2; 022.2; 022.3; 022.0; 022.2; 022.8; 022.7; 022.5; 022.5; 022.5; 022.7; 022.8; 888888.0
14:14:49.51; 022.1; 022.1; 022.2; 022.2; 022.2; 022.3; 022.0; 022.2; 022.8; 022.7; 022.5; 022.5; 022.4; 022.7; 022.8; 888888.0
14:14:49.52; 022.1; 022.1; 022.1; 022.2; 022.2; 022.3; 022.0; 022.2; 022.8; 022.7; 022.5; 022.5; 022.4; 022.6; 022.7; 888888.0
14:14:49.53; 022.1; 022.1; 022.1; 022.3; 022.2; 022.3; 022.0; 022.2; 022.8; 022.7; 022.5; 022.5; 022.4; 022.6; 022.7; 888888.0
14:14:49.54; 022.1; 022.1; 022.1; 022.3; 022.2; 022.3; 022.1; 022.2; 022.8; 022.6; 022.5; 022.5; 022.4; 022.6; 022.7; 888888.0
14:14:49.55; 022.1; 022.1; 022.1; 022.3; 022.2; 022.3; 022.1; 022.1; 022.8; 022.6; 022.5; 022.5; 022.4; 022.6; 022.7; 888888.0
14:14:49.56; 022.0; 022.1; 022.1; 022.3; 022.2; 022.3; 022.1; 022.1; 022.8; 022.6; 022.5; 022.5; 022.5; 022.6; 022.7; 888888.0
14:14:49.57; 022.0; 022.1; 022.1; 022.2; 022.2; 022.3; 022.1; 022.1; 022.8; 022.6; 022.5; 022.5; 022.5; 022.6; 022.7; 888888.0
14:14:49.58; 022.0; 022.1; 022.1; 022.2; 022.2; 022.3; 022.1; 022.1; 022.8; 022.6; 022.5; 022.5; 022.5; 022.6; 022.7; 888888.0
14:14:49.59; 022.0; 022.1; 022.1; 022.2; 022.2; 022.3; 022.1; 022.2; 022.8; 022.7; 022.6; 022.5; 022.5; 022.6; 022.7; 888888.0
14:14:49.60; 022.1; 022.1; 022.1; 022.2; 022.2; 022.3; 022.1; 022.2; 022.8; 022.7; 022.6; 022.5; 022.5; 022.6; 022.7; 888888.0
14:14:49.61; 022.1; 022.1; 022.1; 022.2; 022.2; 022.3; 022.1; 022.2; 022.8; 022.7; 022.6; 022.5; 022.5; 022.7; 022.7; 888888.0
14:14:49.62; 022.1; 022.1; 022.1; 022.2; 022.2; 022.3; 022.1; 022.2; 022.8; 022.7; 022.6; 022.5; 022.5; 022.7; 022.7; 888888.0
14:14:49.63; 022.1; 022.1; 022.1; 022.2; 022.2; 022.3; 022.1; 022.2; 022.8; 022.7; 022.6; 022.5; 022.5; 022.7; 022.7; 888888.0
14:14:49.64; 022.1; 022.1; 022.1; 022.2; 022.2; 022.3; 022.1; 022.2; 022.8; 022.7; 022.6; 022.5; 022.5; 022.7; 022.7; 888888.0
14:14:49.65; 022.0; 022.1; 022.1; 022.2; 022.2; 022.3; 022.1; 022.2; 022.8; 022.7; 022.6; 022.5; 022.5; 022.7; 022.7; 888888.0
14:14:49.66; 022.0; 022.1; 022.1; 022.3; 022.2; 022.3; 022.1; 022.2; 022.8; 022.7; 022.6; 022.5; 022.5; 022.7; 022.7; 888888.0
14:14:49.67; 022.0; 022.1; 022.1; 022.3; 022.2; 022.3; 022.1; 022.2; 022.8; 022.7; 022.6; 022.5; 022.5; 022.7; 022.7; 888888.0
14:14:49.69; 022.0; 022.1; 022.1; 022.3; 022.2; 022.3; 022.0; 022.2; 022.8; 022.7; 022.6; 022.5; 022.5; 022.7; 022.7; 888888.0
14:14:49.70; 022.1; 022.1; 022.1; 022.3; 022.2; 022.3; 022.0; 022.2; 022.8; 022.7; 022.6; 022.5; 022.4; 022.7; 022.7; 888888.0
14:14:49.71; 022.1; 022.1; 022.1; 022.3; 022.2; 022.3; 022.0; 022.2; 022.8; 022.7; 022.6; 022.5; 022.4; 022.6; 022.7; 888888.0
14:14:49.72; 022.1; 022.1; 022.1; 022.3; 022.2; 022.3; 022.0; 022.2; 022.8; 022.7; 022.6; 022.5; 022.4; 022.6; 022.7; 888888.0
14:14:49.73; 022.1; 022.1; 022.1; 022.3; 022.2; 022.3; 022.0; 022.2; 022.8; 022.7; 022.6; 022.5; 022.4; 022.6; 022.7; 888888.0
14:14:49.74; 022.1; 022.1; 022.1; 022.3; 022.2; 022.3; 022.0; 022.2; 022.8; 022.7; 022.6; 022.5; 022.4; 022.6; 022.7; 888888.0
14:14:49.75; 022.1; 022.1; 022.1; 022.3; 022.2; 022.3; 022.0; 022.2; 022.8; 022.7; 022.6; 022.5; 022.5; 022.7; 022.7; 888888.0
14:14:49.76; 022.1; 022.1; 022.2; 022.2; 022.2; 022.3; 022.0; 022.2; 022.8; 022.7; 022.6; 022.5; 022.5; 022.7; 022.7; 888888.0
14:14:49.77; 022.1; 022.1; 022.2; 022.2; 022.2; 022.3; 022.0; 022.2; 022.8; 022.7; 022.6; 022.5; 022.5; 022.7; 022.7; 888888.0
14:14:49.78; 022.1; 022.1; 022.2; 022.2; 022.2; 022.3; 022.0; 022.2; 022.8; 022.7; 022.5; 022.5; 022.5; 022.7; 022.7; 888888.0
14:14:49.79; 022.1; 022.1; 022.2; 022.2; 022.2; 022.3; 022.0; 022.2; 022.8; 022.7; 022.5; 022.5; 022.5; 022.7; 022.7; 888888.0
14:14:49.80; 022.1; 022.1; 022.1; 022.2; 022.2; 022.3; 022.0; 022.2; 022.8; 022.7; 022.5; 022.5; 022.5; 022.7; 022.7; 888888.0
14:14:49.81; 022.1; 022.1; 022.1; 022.3; 022.2; 022.3; 022.0; 022.2; 022.8; 022.7; 022.5; 022.5; 022.5; 022.7; 022.7; 888888.0
14:14:49.82; 022.1; 022.1; 022.1; 022.3; 022.2; 022.3; 022.0; 022.2; 022.8; 022.6; 022.5; 022.5; 022.5; 022.7; 022.7; 888888.0
14:14:49.83; 022.1; 022.1; 022.1; 022.3; 022.2; 022.3; 022.0; 022.2; 022.8; 022.6; 022.6; 022.4; 022.5; 022.7; 022.7; 888888.0
14:14:49.84; 022.0; 022.1; 022.1; 022.3; 022.2; 022.3; 022.0; 022.2; 022.8; 022.6; 022.6; 022.4; 022.5; 022.6; 022.7; 888888.0
14:14:49.85; 022.0; 022.1; 022.2; 022.3; 022.2; 022.3; 022.0; 022.2; 022.8; 022.6; 022.6; 022.4; 022.5; 022.6; 022.7; 888888.0
14:14:49.87; 022.0; 022.1; 022.2; 022.3; 022.2; 022.3; 022.0; 022.2; 022.8; 022.6; 022.6; 022.4; 022.5; 022.6; 022.7; 888888.0
14:14:49.88; 022.0; 022.1; 022.2; 022.3; 022.2; 022.3; 022.0; 022.2; 022.8; 022.6; 022.6; 022.4; 022.5; 022.6; 022.7; 888888.0
14:14:49.89; 022.1; 022.1; 022.2; 022.3; 022.2; 022.3; 022.0; 022.2; 022.8; 022.6; 022.6; 022.5; 022.4; 022.6; 022.7; 888888.0
14:14:49.90; 022.1; 022.1; 022.2; 022.3; 022.2; 022.3; 022.0; 022.2; 022.8; 022.6; 022.6; 022.5; 022.4; 022.7; 022.7; 888888.0
14:14:49.91; 022.1; 022.1; 022.2; 022.2; 022.2; 022.3; 022.0; 022.2; 022.8; 022.6; 022.6; 022.5; 022.4; 022.7; 022.7; 888888.0
14:14:49.92; 022.1; 022.1; 022.2; 022.2; 022.2; 022.3; 022.0; 022.2; 022.8; 022.6; 022.6; 022.5; 022.4; 022.7; 022.7; 888888.0
14:14:49.93; 022.1; 022.1; 022.2; 022.2; 022.2; 022.3; 022.0; 022.2; 022.8; 022.6; 022.6; 022.5; 022.4; 022.7; 022.7; 888888.0
14:14:49.94; 022.1; 022.1; 022.2; 022.2; 022.2; 022.3; 022.0; 022.2; 022.8; 022.6; 022.6; 022.5; 022.5; 022.7; 022.7; 888888.0
14:14:49.95; 022.1; 022.1; 022.2; 022.2; 022.2; 022.3; 022.0; 022.2; 022.8; 022.6; 022.6; 022.5; 022.5; 022.7; 022.7; 888888.0
14:14:49.96; 022.1; 022.1; 022.2; 022.2; 022.2; 022.3; 022.0; 022.2; 022.8; 022.6; 022.6; 022.5; 022.5; 022.7; 022.7; 888888.0
14:14:49.98; 022.1; 022.1; 022.2; 022.2; 022.2; 022.3; 022.0; 022.2; 022.8; 022.7; 022.5; 022.5; 022.5; 022.7; 022.7; 888888.0
14:14:49.99; 022.0; 022.1; 022.2; 022.2; 022.2; 022.3; 022.0; 022.2; 022.8; 022.7; 022.5; 022.5; 022.4; 022.7; 022.7; 888888.0
14:14:50.00; 022.0; 022.1; 022.1; 022.2; 022.2; 022.3; 022.0; 022.2; 022.8; 022.7; 022.5; 022.5; 022.4; 022.6; 022.7; 888888.0
14:14:50.01; 022.0; 022.1; 022.1; 022.2; 022.2; 022.3; 022.0; 022.2; 022.8; 022.7; 022.5; 022.5; 022.4; 022.6; 022.7; 888888.0
14:14:50.02; 022.0; 022.1; 022.1; 022.2; 022.2; 022.3; 022.0; 022.2; 022.8; 022.6; 022.5; 022.5; 022.4; 022.6; 022.7; 888888.0
14:14:50.03; 022.0; 022.1; 022.1; 022.2; 022.2; 022.3; 022.0; 022.2; 022.8; 022.6; 022.6; 022.5; 022.4; 022.6; 022.7; 888888.0
14:14:50.04; 022.1; 022.1; 022.1; 022.2; 022.2; 022.3; 022.0; 022.2; 022.8; 022.6; 022.6; 022.5; 022.5; 022.7; 022.7; 888888.0
14:14:50.05; 022.1; 022.1; 022.1; 022.2; 022.2; 022.3; 022.0; 022.2; 022.8; 022.6; 022.6; 022.5; 022.5; 022.7; 022.7; 888888.0
14:14:50.06; 022.1; 022.1; 022.1; 022.2; 022.2; 022.3; 022.0; 022.2; 022.8; 022.6; 022.6; 022.5; 022.5; 022.7; 022.7; 888888.0
14:14:50.07; 022.1; 022.1; 022.1; 022.2; 022.2; 022.3; 022.0; 022.2; 022.8; 022.7; 022.6; 022.5; 022.5; 022.7; 022.7; 888888.0
14:14:50.08; 022.0; 022.1; 022.1; 022.2; 022.2; 022.3; 022.0; 022.2; 022.8; 022.7; 022.6; 022.5; 022.5; 022.7; 022.7; 888888.0
14:14:50.10; 022.0; 022.1; 022.1; 022.2; 022.2; 022.3; 022.0; 022.2; 022.8; 022.7; 022.6; 022.5; 022.5; 022.6; 022.7; 888888.0
14:14:50.11; 022.0; 022.1; 022.1; 022.3; 022.2; 022.3; 022.0; 022.2; 022.8; 022.7; 022.6; 022.5; 022.5; 022.6; 022.7; 888888.0
14:14:50.12; 022.0; 022.1; 022.1; 022.3; 022.2; 022.3; 022.0; 022.2; 022.8; 022.6; 022.6; 022.5; 022.5; 022.6; 022.7; 888888.0
14:14:50.13; 022.0; 022.1; 022.1; 022.3; 022.2; 022.3; 022.0; 022.2; 022.8; 022.6; 022.5; 022.5; 022.5; 022.6; 022.7; 888888.0
14:14:50.14; 022.1; 022.1; 022.1; 022.3; 022.2; 022.3; 022.0; 022.2; 022.8; 022.6; 022.5; 022.5; 022.4; 022.7; 022.7; 888888.0
14:14:50.15; 022.1; 022.1; 022.1; 022.2; 022.2; 022.3; 022.0; 022.2; 022.8; 022.6; 022.5; 022.5; 022.4; 022.7; 022.7; 888888.0
14:14:50.16; 022.1; 022.1; 022.1; 022.2; 022.2; 022.3; 022.0; 022.2; 022.8; 022.6; 022.5; 022.5; 022.4; 022.7; 022.7; 888888.0
14:14:50.17; 022.1; 022.1; 022.1; 022.2; 022.2; 022.3; 022.0; 022.2; 022.8; 022.7; 022.6; 022.5; 022.4; 022.7; 022.7; 888888.0
14:14:50.18; 022.1; 022.1; 022.1; 022.2; 022.2; 022.3; 022.0; 022.2; 022.8; 022.7; 022.6; 022.5; 022.5; 022.7; 022.7; 888888.0
14:14:50.19; 022.1; 022.1; 022.1; 022.2; 022.2; 022.3; 022.0; 022.2; 022.8; 022.7; 022.6; 022.5; 022.5; 022.7; 022.7; 888888.0
14:14:50.20; 022.1; 022.1; 022.1; 022.2; 022.2; 022.3; 022.0; 022.2; 022.8; 022.7; 022.6; 022.5; 022.5; 022.7; 022.7; 888888.0
14:14:50.22; 022.1; 022.1; 022.1; 022.2; 022.2; 022.3; 022.0; 022.2; 022.8; 022.6; 022.6; 022.5; 022.5; 022.7; 022.7; 888888.0
14:14:50.23; 022.1; 022.1; 022.1; 022.2; 022.2; 022.3; 022.0; 022.2; 022.8; 022.6; 022.5; 022.5; 022.5; 022.7; 022.7; 888888.0
14:14:50.24; 022.0; 022.1; 022.1; 022.2; 022.2; 022.3; 022.0; 022.2; 022.8; 022.6; 022.5; 022.5; 022.5; 022.7; 022.7; 888888.0
14:14:50.25; 022.0; 022.1; 022.1; 022.2; 022.2; 022.3; 022.0; 022.2; 022.8; 022.6; 022.5; 022.5; 022.5; 022.7; 022.7; 888888.0
14:14:50.26; 022.0; 022.1; 022.1; 022.2; 022.2; 022.3; 022.0; 022.2; 022.8; 022.6; 022.5; 022.5; 022.5; 022.7; 022.7; 888888.0
14:14:50.27; 022.0; 022.1; 022.1; 022.2; 022.2; 022.3; 022.1; 022.2; 022.8; 022.7; 022.6; 022.5; 022.5; 022.7; 022.7; 888888.0
14:14:50.28; 022.0; 022.1; 022.1; 022.2; 022.2; 022.3; 022.1; 022.2; 022.8; 022.7; 022.6; 022.5; 022.5; 022.7; 022.7; 888888.0
14:14:50.29; 022.0; 022.1; 022.1; 022.2; 022.2; 022.3; 022.1; 022.2; 022.8; 022.7; 022.6; 022.5; 022.5; 022.7; 022.7; 888888.0
14:14:50.30; 022.0; 022.1; 022.1; 022.2; 022.2; 022.3; 022.1; 022.2; 022.8; 022.7; 022.6; 022.5; 022.5; 022.7; 022.7; 888888.0
14:14:50.31; 022.0; 022.1; 022.1; 022.2; 022.2; 022.3; 022.0; 022.2; 022.8; 022.6; 022.6; 022.5; 022.5; 022.7; 022.7; 888888.0
14:14:50.32; 022.0; 022.1; 022.1; 022.2; 022.2; 022.3; 022.0; 022.2; 022.8; 022.6; 022.6; 022.5; 022.5; 022.7; 022.7; 888888.0
14:14:50.33; 022.0; 022.1; 022.1; 022.2; 022.2; 022.3; 022.0; 022.2; 022.8; 022.6; 022.6; 022.5; 022.5; 022.7; 022.7; 888888.0
14:14:50.34; 022.0; 022.1; 022.1; 022.2; 022.2; 022.3; 022.0; 022.2; 022.8; 022.6; 022.6; 022.5; 022.5; 022.7; 022.7; 888888.0
14:14:50.35; 022.0; 022.1; 022.1; 022.2; 022.2; 022.3; 022.0; 022.2; 022.8; 022.6; 022.6; 022.5; 022.5; 022.7; 022.7; 888888.0
14:14:50.36; 022.0; 022.1; 022.1; 022.2; 022.2; 022.3; 022.0; 022.2; 022.8; 022.7; 022.6; 022.5; 022.5; 022.7; 022.7; 888888.0
14:14:50.38; 022.1; 022.1; 022.1; 022.2; 022.2; 022.3; 022.0; 022.2; 022.8; 022.7; 022.6; 022.5; 022.4; 022.7; 022.7; 888888.0
14:14:50.39; 022.1; 022.1; 022.2; 022.2; 022.2; 022.3; 022.0; 022.2; 022.8; 022.7; 022.6; 022.5; 022.4; 022.7; 022.7; 888888.0
14:14:50.40; 022.1; 022.1; 022.2; 022.2; 022.2; 022.3; 022.0; 022.2; 022.8; 022.7; 022.6; 022.5; 022.4; 022.7; 022.7; 888888.0
14:14:50.41; 022.1; 022.1; 022.2; 022.2; 022.2; 022.3; 022.0; 022.2; 022.8; 022.6; 022.6; 022.5; 022.4; 022.7; 022.7; 888888.0
14:14:50.42; 022.1; 022.1; 022.2; 022.2; 022.2; 022.3; 022.0; 022.1; 022.8; 022.6; 022.6; 022.5; 022.4; 022.7; 022.7; 888888.0
14:14:50.43; 022.0; 022.1; 022.2; 022.2; 022.2; 022.3; 022.0; 022.1; 022.8; 022.6; 022.6; 022.5; 022.5; 022.7; 022.7; 888888.0
14:14:50.44; 022.0; 022.1; 022.2; 022.2; 022.2; 022.3; 022.0; 022.1; 022.8; 022.6; 022.6; 022.5; 022.5; 022.7; 022.7; 888888.0
14:14:50.45; 022.0; 022.1; 022.2; 022.2; 022.1; 022.3; 022.0; 022.1; 022.8; 022.6; 022.6; 022.5; 022.5; 022.7; 022.7; 888888.0
14:14:50.46; 022.0; 022.1; 022.2; 022.2; 022.1; 022.3; 022.0; 022.1; 022.8; 022.7; 022.6; 022.5; 022.5; 022.7; 022.7; 888888.0
14:14:50.47; 022.0; 022.1; 022.2; 022.2; 022.1; 022.3; 022.0; 022.1; 022.8; 022.7; 022.6; 022.5; 022.5; 022.7; 022.7; 888888.0
14:14:50.48; 022.0; 022.1; 022.2; 022.2; 022.1; 022.3; 022.0; 022.1; 022.8; 022.7; 022.6; 022.5; 022.5; 022.7; 022.7; 888888.0
14:14:50.50; 022.0; 022.1; 022.2; 022.2; 022.2; 022.3; 022.0; 022.1; 022.8; 022.7; 022.6; 022.5; 022.5; 022.7; 022.7; 888888.0
14:14:50.51; 022.0; 022.1; 022.2; 022.2; 022.2; 022.3; 022.0; 022.1; 022.8; 022.6; 022.6; 022.5; 022.5; 022.7; 022.7; 888888.0
14:14:50.52; 022.0; 022.1; 022.2; 022.2; 022.2; 022.3; 022.0; 022.2; 022.8; 022.6; 022.6; 022.5; 022.5; 022.7; 022.7; 888888.0
14:14:50.53; 022.0; 022.1; 022.2; 022.2; 022.2; 022.3; 022.0; 022.2; 022.8; 022.6; 022.6; 022.5; 022.5; 022.6; 022.7; 888888.0
14:14:50.54; 022.0; 022.1; 022.2; 022.2; 022.2; 022.3; 022.0; 022.2; 022.8; 022.6; 022.6; 022.5; 022.5; 022.6; 022.7; 888888.0
14:14:50.55; 022.0; 022.1; 022.2; 022.2; 022.2; 022.3; 022.0; 022.2; 022.8; 022.6; 022.6; 022.5; 022.5; 022.6; 022.7; 888888.0
14:14:50.56; 022.0; 022.1; 022.2; 022.2; 022.2; 022.3; 022.0; 022.2; 022.8; 022.6; 022.5; 022.5; 022.5; 022.6; 022.7; 888888.0
14:14:50.57; 022.0; 022.1; 022.2; 022.2; 022.2; 022.3; 022.0; 022.2; 022.8; 022.6; 022.5; 022.5; 022.5; 022.6; 022.7; 888888.0
14:14:50.58; 022.0; 022.1; 022.1; 022.2; 022.2; 022.3; 022.0; 022.2; 022.8; 022.6; 022.5; 022.5; 022.5; 022.7; 022.7; 888888.0
14:14:50.59; 022.0; 022.1; 022.1; 022.2; 022.2; 022.3; 022.0; 022.2; 022.8; 022.6; 022.5; 022.5; 022.5; 022.7; 022.7; 888888.0
14:14:50.60; 022.0; 022.1; 022.1; 022.2; 022.2; 022.3; 022.0; 022.2; 022.8; 022.6; 022.5; 022.5; 022.5; 022.7; 022.7; 888888.0
14:14:50.61; 022.0; 022.1; 022.1; 022.2; 022.2; 022.3; 022.0; 022.2; 022.8; 022.6; 022.5; 022.5; 022.5; 022.7; 022.7; 888888.0
14:14:50.62; 022.1; 022.1; 022.1; 022.2; 022.2; 022.3; 022.0; 022.2; 022.8; 022.6; 022.5; 022.5; 022.5; 022.7; 022.7; 888888.0
14:14:50.63; 022.1; 022.1; 022.1; 022.2; 022.2; 022.3; 022.0; 022.2; 022.8; 022.6; 022.5; 022.5; 022.5; 022.7; 022.7; 888888.0
14:14:50.64; 022.1; 022.1; 022.1; 022.2; 022.2; 022.3; 022.0; 022.2; 022.8; 022.6; 022.5; 022.5; 022.5; 022.7; 022.7; 888888.0
14:14:50.65; 022.1; 022.1; 022.1; 022.2; 022.2; 022.3; 022.0; 022.2; 022.8; 022.6; 022.6; 022.5; 022.5; 022.7; 022.7; 888888.0
14:14:50.66; 022.0; 022.1; 022.1; 022.2; 022.2; 022.3; 022.0; 022.2; 022.8; 022.6; 022.6; 022.5; 022.5; 022.7; 022.7; 888888.0
14:14:50.67; 022.0; 022.1; 022.1; 022.2; 022.2; 022.3; 022.0; 022.2; 022.8; 022.6; 022.6; 022.5; 022.5; 022.7; 022.7; 888888.0
14:14:50.69; 022.0; 022.1; 022.1; 022.2; 022.2; 022.3; 022.0; 022.2; 022.8; 022.6; 022.6; 022.5; 022.5; 022.7; 022.7; 888888.0
14:14:50.70; 022.0; 022.1; 022.1; 022.2; 022.2; 022.3; 022.0; 022.2; 022.8; 022.6; 022.6; 022.5; 022.5; 022.7; 022.7; 888888.0
14:14:50.71; 022.0; 022.1; 022.1; 022.2; 022.2; 022.3; 022.0; 022.2; 022.8; 022.6; 022.6; 022.5; 022.5; 022.7; 022.7; 888888.0
14:14:50.72; 022.0; 022.1; 022.1; 022.2; 022.2; 022.3; 022.0; 022.2; 022.8; 022.6; 022.6; 022.5; 022.5; 022.6; 022.7; 888888.0
14:14:50.73; 022.0; 022.1; 022.2; 022.2; 022.2; 022.3; 022.0; 022.2; 022.8; 022.6; 022.6; 022.5; 022.5; 022.6; 022.7; 888888.0
14:14:50.74; 022.0; 022.1; 022.2; 022.2; 022.2; 022.3; 022.0; 022.2; 022.8; 022.6; 022.6; 022.5; 022.5; 022.6; 022.7; 888888.0
14:14:50.75; 022.0; 022.1; 022.2; 022.2; 022.2; 022.3; 022.0; 022.2; 022.8; 022.7; 022.6; 022.5; 022.5; 022.6; 022.7; 888888.0
14:14:50.76; 022.1; 022.1; 022.2; 022.2; 022.2; 022.3; 022.0; 022.2; 022.8; 022.7; 022.6; 022.5; 022.5; 022.6; 022.7; 888888.0
14:14:50.77; 022.1; 022.1; 022.1; 022.2; 022.2; 022.3; 022.0; 022.2; 022.8; 022.7; 022.6; 022.5; 022.5; 022.6; 022.7; 888888.0
14:14:50.78; 022.1; 022.1; 022.1; 022.3; 022.2; 022.3; 022.0; 022.2; 022.8; 022.7; 022.6; 022.5; 022.5; 022.6; 022.7; 888888.0
14:14:50.79; 022.1; 022.1; 022.1; 022.3; 022.2; 022.3; 022.0; 022.2; 022.8; 022.6; 022.6; 022.5; 022.5; 022.6; 022.7; 888888.0
14:14:50.80; 022.2; 022.3; 022.3; 022.4; 022.3; 022.4; 022.1; 022.3; 022.8; 022.6; 022.6; 022.5; 022.5; 022.6; 022.7; 888888.0
14:14:50.81; 022.1; 022.2; 022.3; 022.4; 022.3; 022.4; 022.1; 022.3; 022.8; 022.6; 022.6; 022.5; 022.4; 022.7; 022.7; 888888.0
14:14:50.82; 022.1; 022.2; 022.3; 022.3; 022.3; 022.4; 022.1; 022.3; 022.8; 022.6; 022.6; 022.5; 022.4; 022.7; 022.7; 888888.0
14:14:50.83; 022.1; 022.2; 022.3; 022.3; 022.3; 022.4; 022.1; 022.3; 022.8; 022.6; 022.6; 022.5; 022.4; 022.7; 022.7; 888888.0
